DAY ID MONTHLY_REVENUE VAT_PAYMENT EBT MONTHLY_WAGE_PAYMENT TOTAL_FINANCIAL_PAYMENT PHYSICAL_CAPITAL_DEPRECIATION_COST DIVIDEND_PAYMENT CAPITAL_TAX_PAYMENT NET_EARNINGS
 20 18 0.000000 55.555556 9.500000 140.000000 0.000000 34.722222 38.000000 0.950000 8.550000
 20 17 0.000000 55.555556 9.500000 140.000000 0.000000 34.722222 38.000000 0.950000 8.550000
 20 9 246.012037 24.000000 -218.722222 280.000000 0.000000 34.722222 -0.000000 0.000000 -218.722222
 20 10 255.358014 16.432222 -248.993333 280.000000 0.000000 34.722222 -0.000000 0.000000 -248.993333
 20 2 309.103889 44.832538 -125.392069 270.000000 0.000000 34.722222 -0.000000 0.000000 -125.392069
 20 1 322.796907 39.364444 -147.264444 270.000000 0.000000 34.722222 -0.000000 0.000000 -147.264444
 20 16 292.621577 55.555556 -92.500000 280.000000 0.000000 34.722222 -0.000000 0.000000 -92.500000
 20 15 292.621576 55.555556 -92.500000 280.000000 0.000000 34.722222 -0.000000 0.000000 -92.500000
 20 8 292.621576 55.555556 -92.500000 280.000000 0.000000 34.722222 -0.000000 0.000000 -92.500000
 20 7 292.621575 55.555556 -92.500000 280.000000 0.000000 34.722222 -0.000000 0.000000 -92.500000
 20 14 292.621574 55.555556 -92.500000 280.000000 0.000000 34.722222 -0.000000 0.000000 -92.500000
 20 13 292.621575 55.555556 -92.500000 280.000000 0.000000 34.722222 -0.000000 0.000000 -92.500000
 20 6 292.621576 55.555556 -92.500000 280.000000 0.000000 34.722222 -0.000000 0.000000 -92.500000
 20 5 292.621576 55.555556 -92.500000 280.000000 0.000000 34.722222 -0.000000 0.000000 -92.500000
 20 12 267.121783 55.555556 -92.500000 280.000000 0.000000 34.722222 -0.000000 0.000000 -92.500000
 20 11 286.485292 55.555556 -92.500000 280.000000 0.000000 34.722222 -0.000000 0.000000 -92.500000
 20 4 126.533828 55.555556 -82.500000 270.000000 0.000000 34.722222 -0.000000 0.000000 -82.500000
 20 3 126.146168 55.555556 -82.500000 270.000000 0.000000 34.722222 -0.000000 0.000000 -82.500000
 40 17 0.000000 31.477333 -48.812889 140.000000 0.000000 34.722222 -0.000000 0.000000 -48.812889
 40 18 0.000000 31.477333 -48.812889 140.000000 0.000000 34.722222 -0.000000 0.000000 -48.812889
 40 10 157.109935 51.071603 5.912838 140.000000 0.000000 34.722222 23.651351 0.591284 5.321554
 40 9 169.772671 49.202407 2.417481 150.000000 0.000000 34.722222 9.669926 0.241748 2.175733
 40 1 309.250176 64.559381 -46.484696 270.000000 0.000000 34.722222 -0.000000 0.000000 -46.484696
 40 2 317.431088 61.820778 -57.439111 270.000000 0.000000 34.722222 -0.000000 0.000000 -57.439111
 40 15 355.036216 58.524315 -81.783915 280.000000 1.158954 34.722222 -0.000000 0.000000 -81.783915
 40 16 291.339745 58.524315 -81.783915 280.000000 1.158955 34.722222 -0.000000 0.000000 -81.783915
 40 7 355.036213 58.524315 -81.783914 280.000000 1.158951 34.722222 -0.000000 0.000000 -81.783914
 40 8 355.036216 58.524315 -81.783915 280.000000 1.158954 34.722222 -0.000000 0.000000 -81.783915
 40 13 355.036214 58.524315 -81.783914 280.000000 1.158952 34.722222 -0.000000 0.000000 -81.783914
 40 14 355.036213 58.524315 -81.783914 280.000000 1.158951 34.722222 -0.000000 0.000000 -81.783914
 40 5 201.774057 58.524315 -81.783915 280.000000 1.158954 34.722222 -0.000000 0.000000 -81.783915
 40 6 164.492633 58.524315 -81.783915 280.000000 1.158954 34.722222 -0.000000 0.000000 -81.783915
 40 11 306.926646 58.524315 -81.783914 280.000000 1.158951 34.722222 -0.000000 0.000000 -81.783914
 40 12 74.660651 58.524315 -81.783915 280.000000 1.158954 34.722222 -0.000000 0.000000 -81.783915
 40 3 62.699701 56.548241 -79.270985 270.000000 0.741728 34.722222 -0.000000 0.000000 -79.270985
 40 4 8.030806 56.548241 -79.270985 270.000000 0.741728 34.722222 -0.000000 0.000000 -79.270985
 60 18 0.000000 19.240325 -97.760923 140.000000 0.000000 34.722222 -0.000000 0.000000 -97.760923
 60 17 0.000000 26.083732 -70.387296 140.000000 0.000000 34.722222 -0.000000 0.000000 -70.387296
 60 9 70.340173 33.954534 -53.604423 150.000000 4.700337 34.722222 -0.000000 0.000000 -53.604423
 60 10 29.232744 31.421987 -54.145074 140.000000 5.110800 34.722222 -0.000000 0.000000 -54.145074
 60 2 360.096737 63.486218 -50.777352 270.000000 0.000000 34.722222 -0.000000 0.000000 -50.777352
 60 1 356.334955 61.850035 -57.830403 270.000000 0.508322 34.722222 -0.000000 0.000000 -57.830403
 60 16 92.120593 71.007243 -31.852204 280.000000 1.158955 34.722222 -0.000000 0.000000 -31.852204
 60 15 154.259098 71.007243 -31.852204 280.000000 1.158954 34.722222 -0.000000 0.000000 -31.852204
 60 8 180.889062 71.007243 -31.852204 280.000000 1.158954 34.722222 -0.000000 0.000000 -31.852204
 60 7 303.158461 71.007243 -31.852203 280.000000 1.158951 34.722222 -0.000000 0.000000 -31.852203
 60 14 377.221761 71.007243 -31.852203 280.000000 1.158951 34.722222 -0.000000 0.000000 -31.852203
 60 13 270.268365 71.007243 -31.852203 280.000000 1.158952 34.722222 -0.000000 0.000000 -31.852203
 60 6 46.566888 71.007243 -31.852204 280.000000 1.158954 34.722222 -0.000000 0.000000 -31.852204
 60 5 61.127376 71.007243 -31.852204 280.000000 1.158954 34.722222 -0.000000 0.000000 -31.852204
 60 12 26.169902 71.007243 -31.852204 280.000000 1.158954 34.722222 -0.000000 0.000000 -31.852204
 60 11 178.636293 71.007243 -31.852203 280.000000 1.158951 34.722222 -0.000000 0.000000 -31.852203
 60 4 10.075685 68.642486 -30.894008 270.000000 0.741728 34.722222 -0.000000 0.000000 -30.894008
 60 3 0.000000 68.642486 -30.894008 270.000000 0.741728 34.722222 -0.000000 0.000000 -30.894008
 80 17 0.000000 1.889064 -167.165965 140.000000 0.000000 34.722222 -0.000000 0.000000 -167.165965
 80 18 0.000000 1.090135 -170.361681 140.000000 0.000000 34.722222 -0.000000 0.000000 -170.361681
 80 10 0.000000 5.846549 -156.446827 140.000000 5.110800 34.722222 -0.000000 0.000000 -156.446827
 80 9 0.000000 14.068035 -133.150421 150.000000 4.700337 34.722222 -0.000000 0.000000 -133.150421
 80 1 379.916582 71.266991 -20.162580 270.000000 0.508322 34.722222 -0.000000 0.000000 -20.162580
 80 2 299.640648 72.019347 -16.644833 270.000000 0.000000 34.722222 -0.000000 0.000000 -16.644833
 80 16 38.440252 25.708569 -213.046900 280.000000 1.158955 34.722222 -0.000000 0.000000 -213.046900
 80 15 26.868525 48.051265 -123.676118 280.000000 1.158954 34.722222 -0.000000 0.000000 -123.676118
 80 7 188.106837 77.259109 -6.844738 280.000000 1.158951 34.722222 -0.000000 0.000000 -6.844738
 80 8 57.626340 69.886299 -36.335979 280.000000 1.158954 34.722222 -0.000000 0.000000 -36.335979
 80 13 115.138828 77.259109 -6.844738 280.000000 1.158952 34.722222 -0.000000 0.000000 -6.844738
 80 14 151.765498 77.259109 -6.844738 280.000000 1.158951 34.722222 -0.000000 0.000000 -6.844738
 80 5 73.990335 77.259110 -6.844738 280.000000 1.158954 34.722222 -0.000000 0.000000 -6.844738
 80 6 57.159566 75.956160 -12.056538 280.000000 1.158954 34.722222 -0.000000 0.000000 -12.056538
 80 11 139.740632 77.259109 -6.844738 280.000000 1.158951 34.722222 -0.000000 0.000000 -6.844738
 80 12 17.178005 77.259110 -6.844738 280.000000 1.158954 34.722222 -0.000000 0.000000 -6.844738
 80 3 23.348286 68.875620 -29.961472 270.000000 0.741728 34.722222 -0.000000 0.000000 -29.961472
 80 4 0.000000 68.373376 -31.970447 270.000000 0.741728 34.722222 -0.000000 0.000000 -31.970447
 100 17 0.000000 4.996450 -114.736424 100.000000 0.000000 34.722222 -0.000000 0.000000 -114.736424
 100 18 0.000000 0.828703 -101.407412 70.000000 0.000000 34.722222 -0.000000 0.000000 -101.407412
 100 9 0.000000 0.000000 -189.422559 150.000000 4.700337 34.722222 0.000000 0.000000 -189.422559
 100 10 0.000000 0.000000 -179.833022 140.000000 5.110800 34.722222 0.000000 0.000000 -179.833022
 100 2 174.497190 75.851974 -1.314325 270.000000 0.000000 34.722222 -0.000000 0.000000 -1.314325
 100 1 255.559949 75.983316 -1.297278 270.000000 0.508322 34.722222 -0.000000 0.000000 -1.297278
 100 15 491.894142 9.701073 -267.076884 270.000000 1.158954 34.722222 0.000000 0.000000 -267.076884
 100 16 58.508515 7.688050 -165.128975 160.000000 1.158955 34.722222 0.000000 0.000000 -165.128975
 100 8 8.112871 30.870024 -192.401080 280.000000 1.158954 34.722222 -0.000000 0.000000 -192.401080
 100 7 108.936499 71.014145 -31.824594 280.000000 1.158951 34.722222 -0.000000 0.000000 -31.824594
 100 14 141.970571 80.390252 1.135967 280.000000 1.158951 34.722222 4.543867 0.113597 1.022370
 100 13 63.680308 80.390252 1.135967 280.000000 1.158952 34.722222 4.543867 0.113597 1.022370
 100 6 8.263492 69.109984 -39.441238 280.000000 1.158954 34.722222 -0.000000 0.000000 -39.441238
 100 5 38.920273 66.431660 -50.154537 280.000000 1.158954 34.722222 -0.000000 0.000000 -50.154537
 100 12 17.345372 80.390253 1.135967 280.000000 1.158954 34.722222 4.543867 0.113597 1.022370
 100 11 78.001245 80.390252 1.135967 280.000000 1.158951 34.722222 4.543867 0.113597 1.022370
 100 4 0.000000 42.016150 -137.399352 270.000000 0.741728 34.722222 -0.000000 0.000000 -137.399352
 100 3 0.000000 68.334435 -32.126211 270.000000 0.741728 34.722222 -0.000000 0.000000 -32.126211
 120 17 0.000000 0.000000 -104.722222 70.000000 0.000000 34.722222 0.000000 0.000000 -104.722222
 120 18 0.000000 0.000000 -74.722222 40.000000 0.000000 34.722222 -0.000000 0.000000 -74.722222
 120 10 0.000000 0.000000 -110.212352 70.000000 5.490130 34.722222 0.000000 0.000000 -110.212352
 120 9 0.000000 0.000000 -119.422559 80.000000 4.700337 34.722222 0.000000 0.000000 -119.422559
 120 2 204.422289 48.650921 -110.118539 270.000000 0.000000 34.722222 -0.000000 0.000000 -110.118539
 120 1 396.718385 71.581038 -18.906390 270.000000 0.508322 34.722222 -0.000000 0.000000 -18.906390
 120 16 0.000000 11.701703 -71.617372 80.000000 3.701962 34.722222 0.000000 0.000000 -71.617372
 120 15 33.262858 98.378828 42.839948 140.000000 4.593352 34.722222 171.359792 4.283995 38.555953
 120 7 45.767350 44.567857 -137.609747 280.000000 1.158951 34.722222 -0.000000 0.000000 -137.609747
 120 8 32.082688 4.652102 -157.272768 140.000000 1.158954 34.722222 0.000000 0.000000 -157.272768
 120 13 221.307481 81.958433 2.390512 280.000000 1.158952 34.722222 9.562046 0.239051 2.151460
 120 14 283.880357 81.958433 2.390512 280.000000 1.158951 34.722222 9.562046 0.239051 2.151460
 120 6 25.642846 47.271531 -126.795054 280.000000 1.158954 34.722222 -0.000000 0.000000 -126.795054
 120 5 49.185368 63.704266 -61.064113 280.000000 1.158954 34.722222 -0.000000 0.000000 -61.064113
 120 11 147.355427 81.958433 2.390512 280.000000 1.158951 34.722222 9.562046 0.239051 2.151460
 120 12 69.040736 69.756706 -36.854352 280.000000 1.158954 34.722222 -0.000000 0.000000 -36.854352
 120 3 34.383184 81.535707 4.135775 270.000000 0.741728 34.722222 16.543102 0.413578 3.722198
 120 4 8.208933 12.485255 -185.522930 200.000000 0.741728 34.722222 0.000000 0.000000 -185.522930
 140 18 0.000000 1.398562 -49.127975 20.000000 0.000000 34.722222 0.000000 0.000000 -49.127975
 140 17 0.000000 0.000000 -74.722222 40.000000 0.000000 34.722222 0.000000 0.000000 -74.722222
 140 9 0.000000 0.000000 -82.305876 40.000000 7.583654 34.722222 0.000000 0.000000 -82.305876
 140 10 0.000000 0.000000 -83.308916 40.000000 8.586694 34.722222 0.000000 0.000000 -83.308916
 140 2 75.046318 47.601557 -84.315996 240.000000 0.000000 34.722222 -0.000000 0.000000 -84.315996
 140 1 400.604588 86.394937 8.069841 270.000000 0.508322 34.722222 32.279365 0.806984 7.262857
 140 15 102.305157 6.652572 -182.705288 170.000000 4.593352 34.722222 0.000000 0.000000 -182.705288
 140 16 48.242313 0.000000 -79.590910 40.000000 4.868688 34.722222 0.000000 0.000000 -79.590910
 140 8 41.719595 12.135681 -58.781268 70.000000 2.601770 34.722222 0.000000 0.000000 -58.781268
 140 7 126.956327 16.166641 -151.214610 180.000000 1.158951 34.722222 -0.000000 0.000000 -151.214610
 140 14 335.889420 82.743830 3.018829 280.000000 1.158951 34.722222 12.075317 0.301883 2.716946
 140 13 286.578527 82.743830 3.018829 280.000000 1.158952 34.722222 12.075317 0.301883 2.716946
 140 6 17.690431 24.401214 -118.276322 180.000000 1.158954 34.722222 -0.000000 0.000000 -118.276322
 140 5 85.734009 46.174966 -101.181311 250.000000 1.158954 34.722222 -0.000000 0.000000 -101.181311
 140 12 122.680999 95.062486 12.873753 280.000000 1.158954 34.722222 51.495013 1.287375 11.586378
 140 11 216.651949 82.743830 3.018829 280.000000 1.158951 34.722222 12.075317 0.301883 2.716946
 140 4 0.000000 62.862607 23.181959 100.000000 0.818411 34.722222 92.727837 2.318196 20.863763
 140 3 61.335846 93.621678 13.804552 270.000000 0.741728 34.722222 55.218210 1.380455 12.424097
 160 17 0.000000 0.000000 -54.781200 20.000000 0.058978 34.722222 0.000000 0.000000 -54.781200
 160 18 0.000000 1.792605 -37.551802 10.000000 0.000000 34.722222 0.000000 0.000000 -37.551802
 160 10 6.567868 0.000000 -65.567641 20.000000 10.845419 34.722222 0.000000 0.000000 -65.567641
 160 9 0.000000 0.000000 -64.483980 20.000000 9.761758 34.722222 0.000000 0.000000 -64.483980
 160 1 402.088290 80.120918 3.050625 270.000000 0.508322 34.722222 12.202501 0.305063 2.745563
 160 2 220.141468 17.171180 -106.037503 140.000000 0.000000 34.722222 -0.000000 0.000000 -106.037503
 160 15 228.618081 22.032706 -223.283444 270.000000 6.692047 34.722222 0.000000 0.000000 -223.283444
 160 16 95.959039 9.648463 -23.226999 20.000000 7.098627 34.722222 0.000000 0.000000 -23.226999
 160 7 37.856459 40.189858 6.975652 90.000000 1.158951 34.722222 27.902607 0.697565 6.278087
 160 8 25.510652 8.343919 -54.233452 50.000000 2.886906 34.722222 0.000000 0.000000 -54.233452
 160 13 390.746955 83.137183 3.333512 280.000000 1.158952 34.722222 13.334047 0.333351 3.000161
 160 14 416.670937 83.137183 3.333512 280.000000 1.158951 34.722222 13.334047 0.333351 3.000161
 160 5 17.884287 40.945662 -2.098527 130.000000 1.158954 34.722222 -0.000000 0.000000 -2.098527
 160 6 126.022457 17.294891 -56.701613 90.000000 1.158954 34.722222 -0.000000 0.000000 -56.701613
 160 11 194.776960 83.137183 3.333512 280.000000 1.158951 34.722222 13.334047 0.333351 3.000161
 160 12 156.428698 83.137184 3.333512 280.000000 1.158954 34.722222 13.334047 0.333351 3.000161
 160 3 34.805153 80.394734 3.222997 270.000000 0.741728 34.722222 12.891988 0.322300 2.900697
 160 4 0.000000 15.511912 -73.492985 100.000000 0.818411 34.722222 0.000000 0.000000 -73.492985
 180 17 0.000000 1.690205 -39.102163 10.000000 1.140761 34.722222 0.000000 0.000000 -39.102163
 180 18 0.000000 37.781247 21.280553 10.000000 0.000000 34.722222 85.122213 2.128055 19.152498
 180 9 32.406413 2.634753 -45.441396 10.000000 11.258185 34.722222 0.000000 0.000000 -45.441396
 180 10 15.625171 1.313574 -51.891143 10.000000 12.423215 34.722222 0.000000 0.000000 -51.891143
 180 2 83.707952 49.084317 18.323009 70.000000 0.000000 34.722222 73.292036 1.832301 16.490708
 180 1 370.372236 80.417658 3.288018 270.000000 0.508322 34.722222 13.152071 0.328802 2.959216
 180 15 255.987754 55.294631 -166.910754 340.000000 13.367056 34.722222 0.000000 0.000000 -166.910754
 180 16 0.000000 23.257309 8.241677 10.000000 7.098627 34.722222 32.966709 0.824168 7.417510
 180 7 57.834575 14.773670 -66.786493 90.000000 1.158951 34.722222 -0.000000 0.000000 -66.786493
 180 8 8.781971 15.542731 -6.394287 30.000000 3.842987 34.722222 0.000000 0.000000 -6.394287
 180 14 316.871418 83.334187 3.491115 280.000000 1.158951 34.722222 13.964461 0.349112 3.142004
 180 13 417.164270 83.334188 3.491115 280.000000 1.158952 34.722222 13.964461 0.349112 3.142004
 180 6 0.000000 64.302557 34.265810 50.000000 1.158954 34.722222 137.063241 3.426581 30.839229
 180 5 63.272252 16.636723 -69.334285 100.000000 1.158954 34.722222 -0.000000 0.000000 -69.334285
 180 12 95.475219 83.334188 3.491115 280.000000 1.158954 34.722222 13.964461 0.349112 3.142004
 180 11 230.275347 83.334187 3.491115 280.000000 1.158951 34.722222 13.964461 0.349112 3.142004
 180 4 0.000000 9.517722 -97.469744 100.000000 0.818411 34.722222 0.000000 0.000000 -97.469744
 180 3 63.634676 80.585604 3.375693 270.000000 0.741728 34.722222 13.502772 0.337569 3.038124
 200 18 0.000000 0.000000 -44.722222 10.000000 0.000000 34.722222 -0.000000 0.000000 -44.722222
 200 17 0.000000 11.053392 -2.149095 10.000000 1.640441 34.722222 0.000000 0.000000 -2.149095
 200 10 117.758253 3.125034 -45.717687 10.000000 13.495601 34.722222 0.000000 0.000000 -45.717687
 200 9 190.097845 7.415045 -27.077980 10.000000 12.015938 34.722222 0.000000 0.000000 -27.077980
 200 1 368.334410 80.566276 3.406912 270.000000 0.508322 34.722222 13.627647 0.340691 3.066220
 200 2 13.817568 23.034296 -12.585040 70.000000 0.000000 34.722222 -0.000000 0.000000 -12.585040
 200 15 213.219826 58.961978 13.285559 170.000000 17.840129 34.722222 0.000000 1.328556 11.957003
 200 16 0.000000 0.000000 -51.820849 10.000000 7.098627 34.722222 0.000000 0.000000 -51.820849
 200 7 0.000000 17.412713 -46.230324 80.000000 1.158951 34.722222 -0.000000 0.000000 -46.230324
 200 8 42.525057 2.620161 -58.084565 30.000000 3.842987 34.722222 0.000000 0.000000 -58.084565
 200 13 364.906368 83.432854 3.570048 280.000000 1.158952 34.722222 14.280193 0.357005 3.213043
 200 14 417.411346 83.432854 3.570048 280.000000 1.158951 34.722222 14.280193 0.357005 3.213043
 200 5 23.085164 42.717426 16.997706 50.000000 1.158954 34.722222 67.990823 1.699771 15.297935
 200 6 0.000000 3.687016 -71.133111 50.000000 1.158954 34.722222 -0.000000 0.000000 -71.133111
 200 11 174.634581 83.432854 3.570048 280.000000 1.158951 34.722222 14.280193 0.357005 3.213043
 200 12 88.238921 83.432855 3.570048 280.000000 1.158954 34.722222 14.280193 0.357005 3.213044
 200 4 0.000000 13.451445 -83.073432 100.000000 2.156990 34.722222 0.000000 0.000000 -83.073432
 200 3 29.208375 77.680680 1.051754 270.000000 0.741728 34.722222 4.207016 0.105175 0.946579
 220 17 0.000000 16.814074 4.178727 10.000000 1.640441 34.722222 16.714908 0.417873 3.760854
 220 18 0.000000 0.000000 -44.722222 10.000000 0.000000 34.722222 -0.000000 0.000000 -44.722222
 220 9 9.533160 41.574954 21.912332 10.000000 12.015938 34.722222 87.649326 2.191233 19.721098
 220 10 18.323680 23.551651 12.158471 10.000000 13.495601 34.722222 23.830308 1.215847 10.942624
 220 2 29.145273 5.813934 -81.466485 70.000000 0.000000 34.722222 -0.000000 0.000000 -81.466485
 220 1 412.013715 78.736546 1.943128 270.000000 0.508322 34.722222 7.772513 0.194313 1.748816
 220 15 223.548636 50.827203 38.886158 100.000000 17.840129 34.722222 11.860301 3.888616 34.997543
 220 16 123.319325 1.719149 -44.944253 10.000000 7.098627 34.722222 0.000000 0.000000 -44.944253
 220 8 31.354911 13.516589 -4.666156 20.000000 4.010290 34.722222 0.000000 0.000000 -4.666156
 220 7 84.302308 4.701794 -57.073996 40.000000 1.158951 34.722222 0.000000 0.000000 -57.073996
 220 14 360.182307 83.482269 3.609581 280.000000 1.158951 34.722222 14.438323 0.360958 3.248623
 220 13 273.053199 83.482269 3.609581 280.000000 1.158952 34.722222 14.438323 0.360958 3.248623
 220 6 0.000000 0.735743 -82.938206 50.000000 1.158954 34.722222 -0.000000 0.000000 -82.938206
 220 5 0.000000 26.918909 4.358892 50.000000 1.158954 34.722222 17.435568 0.435889 3.923003
 220 12 123.427207 83.482270 3.609581 280.000000 1.158954 34.722222 14.438323 0.360958 3.248623
 220 11 135.957359 83.482269 3.609581 280.000000 1.158951 34.722222 14.438323 0.360958 3.248623
 220 3 73.850856 62.281391 -56.338388 270.000000 0.741728 34.722222 -0.000000 0.000000 -56.338388
 220 4 9.138689 10.691028 -45.813452 50.000000 3.855343 34.722222 0.000000 0.000000 -45.813452
 240 18 0.000000 0.000000 -44.722222 10.000000 0.000000 34.722222 -0.000000 0.000000 -44.722222
 240 17 0.000000 3.587495 -32.012682 10.000000 1.640441 34.722222 -0.000000 0.000000 -32.012682
 240 10 0.000000 3.664736 -43.558880 10.000000 13.495601 34.722222 0.000000 0.000000 -43.558880
 240 9 0.000000 1.906632 -49.111633 10.000000 12.015938 34.722222 -0.000000 0.000000 -49.111633
 240 1 403.483283 82.583028 5.020314 270.000000 0.508322 34.722222 20.081256 0.502031 4.518283
 240 2 118.533475 5.829055 -71.406004 60.000000 0.000000 34.722222 -0.000000 0.000000 -71.406004
 240 15 155.617763 45.671347 12.024607 70.000000 17.840129 34.722222 48.098430 1.202461 10.822147
 240 16 34.551538 28.196705 12.193194 10.000000 7.098627 34.722222 48.772777 1.219319 10.973875
 240 8 9.256641 10.283951 -17.596707 20.000000 4.010290 34.722222 -0.000000 0.000000 -17.596707
 240 7 91.646576 25.558550 9.270605 20.000000 1.158951 34.722222 37.082422 0.927061 8.343545
 240 13 240.989321 83.507018 3.629380 280.000000 1.158952 34.722222 14.517519 0.362938 3.266442
 240 14 329.498863 83.507018 3.629380 280.000000 1.158951 34.722222 14.517519 0.362938 3.266442
 240 6 0.000000 1.860201 -68.440373 40.000000 1.158954 34.722222 0.000000 0.000000 -68.440373
 240 5 0.000000 6.579779 -59.562062 50.000000 1.158954 34.722222 -0.000000 0.000000 -59.562062
 240 11 132.075436 83.507018 3.629380 280.000000 1.158951 34.722222 14.517519 0.362938 3.266442
 240 12 58.970955 83.507019 3.629380 280.000000 1.158954 34.722222 14.517519 0.362938 3.266442
 240 4 18.967757 29.692809 26.590544 30.000000 4.616691 34.722222 22.841778 2.659054 23.931490
 240 3 79.023374 78.128300 9.409850 230.000000 0.741728 34.722222 37.639399 0.940985 8.468865
 260 18 0.000000 0.000000 -44.722222 10.000000 0.000000 34.722222 -0.000000 0.000000 -44.722222
 260 17 0.000000 11.584922 -0.022973 10.000000 1.640441 34.722222 -0.000000 0.000000 -0.022973
 260 9 0.000000 0.000000 -56.738160 10.000000 12.015938 34.722222 -0.000000 0.000000 -56.738160
 260 10 6.063824 0.000000 -58.217823 10.000000 13.495601 34.722222 0.000000 0.000000 -58.217823
 260 2 34.938767 24.893241 6.970148 30.000000 0.000000 34.722222 27.880594 0.697015 6.273134
 260 1 381.011855 80.696657 3.511217 270.000000 0.508322 34.722222 14.044866 0.351122 3.160095
 260 15 159.956300 34.646833 7.204997 50.000000 17.840129 34.722222 28.819986 0.720500 6.484497
 260 16 0.000000 8.826462 -46.515003 40.000000 7.098627 34.722222 -0.000000 0.000000 -46.515003
 260 7 0.000000 24.648064 8.542217 20.000000 1.158951 34.722222 34.168866 0.854222 7.687995
 260 8 17.507288 2.301176 -39.527807 10.000000 4.010290 34.722222 0.000000 0.000000 -39.527807
 260 14 382.657481 83.519413 3.639296 280.000000 1.158951 34.722222 14.557183 0.363930 3.275366
 260 13 291.399732 83.519413 3.639296 280.000000 1.158952 34.722222 14.557183 0.363930 3.275366
 260 6 0.000000 0.000000 -55.881176 20.000000 1.158954 34.722222 0.000000 0.000000 -55.881176
 260 5 31.075397 2.674374 -75.183681 50.000000 1.158954 34.722222 -0.000000 0.000000 -75.183681
 260 12 90.017570 71.256532 -30.855051 280.000000 1.158954 34.722222 -0.000000 0.000000 -30.855051
 260 11 181.566510 83.519413 3.639296 280.000000 1.158951 34.722222 14.557183 0.363930 3.275366
 260 3 32.372640 48.016662 -73.397304 230.000000 0.741728 34.722222 -0.000000 0.000000 -73.397304
 260 4 0.000000 30.237623 10.322316 30.000000 4.616691 34.722222 41.289262 1.032232 9.290084
 280 18 0.000000 0.000000 -44.722222 10.000000 0.000000 34.722222 0.000000 0.000000 -44.722222
 280 17 0.000000 21.018817 7.542521 10.000000 1.640441 34.722222 30.170084 0.754252 6.788269
 280 10 23.987988 1.212765 -53.366764 10.000000 13.495601 34.722222 0.000000 0.000000 -53.366764
 280 9 2.283564 0.000000 -56.738160 10.000000 12.015938 34.722222 0.000000 0.000000 -56.738160
 280 1 350.652320 80.706007 3.518697 270.000000 0.508322 34.722222 14.074788 0.351870 3.166827
 280 2 9.311777 10.388802 -23.167015 30.000000 0.000000 34.722222 -0.000000 0.000000 -23.167015
 280 16 0.000000 0.000000 -81.820849 40.000000 7.098627 34.722222 0.000000 0.000000 -81.820849
 280 15 149.512295 33.831105 10.552414 30.000000 17.840129 34.722222 42.209655 1.055241 9.497172
 280 7 0.000000 3.634862 -41.341726 20.000000 1.158951 34.722222 -0.000000 0.000000 -41.341726
 280 8 83.670541 4.915444 -29.070735 10.000000 4.010290 34.722222 -0.000000 0.000000 -29.070735
 280 14 377.909500 83.525621 3.644262 280.000000 1.158951 34.722222 14.577048 0.364426 3.279836
 280 13 211.141178 83.525621 3.644262 280.000000 1.158952 34.722222 14.577048 0.364426 3.279836
 280 5 0.000000 13.024675 -13.782478 30.000000 1.158954 34.722222 -0.000000 0.000000 -13.782478
 280 6 9.557702 2.748896 -35.086545 10.000000 1.359908 34.722222 0.000000 0.000000 -35.086545
 280 12 100.350756 57.372048 -56.392983 250.000000 1.158954 34.722222 -0.000000 0.000000 -56.392983
 280 11 211.496313 83.525621 3.644262 280.000000 1.158951 34.722222 14.577048 0.364426 3.279836
 280 3 45.790174 51.121226 3.804191 150.000000 0.741728 34.722222 15.216763 0.380419 3.423772
 280 4 33.419804 13.819817 -14.059646 30.000000 4.616691 34.722222 -0.000000 0.000000 -14.059646
 300 17 0.000000 36.753180 20.130011 10.000000 1.640441 34.722222 80.520046 2.013001 18.117010
 300 18 0.000000 0.000000 -44.722222 10.000000 0.000000 34.722222 0.000000 0.000000 -44.722222
 300 9 20.893776 0.456713 -54.911309 10.000000 12.015938 34.722222 0.000000 0.000000 -54.911309
 300 10 55.097639 5.158240 -38.520543 10.000000 14.431280 34.722222 0.000000 0.000000 -38.520543
 300 1 387.210983 76.839018 0.425106 270.000000 0.508322 34.722222 1.700423 0.042511 0.382595
 300 2 53.094547 3.758520 -49.688142 30.000000 0.000000 34.722222 -0.000000 0.000000 -49.688142
 300 15 35.812648 37.536491 15.516723 20.000000 17.840129 34.722222 62.066891 1.551672 13.965050
 300 16 0.000000 0.000000 -71.820849 30.000000 7.098627 34.722222 0.000000 0.000000 -71.820849
 300 8 62.594641 20.832812 6.919747 10.000000 4.010290 34.722222 27.678988 0.691975 6.227772
 300 7 0.000000 0.000000 -55.881174 20.000000 1.158951 34.722222 -0.000000 0.000000 -55.881174
 300 14 343.151684 83.528730 3.646749 280.000000 1.158951 34.722222 14.586997 0.364675 3.282074
 300 13 229.559223 75.130429 -15.359460 280.000000 1.158952 34.722222 -0.000000 0.000000 -15.359460
 300 6 9.590115 2.494205 -36.611208 10.000000 1.865807 34.722222 0.000000 0.000000 -36.611208
 300 5 0.000000 0.000000 -65.881176 30.000000 1.158954 34.722222 -0.000000 0.000000 -65.881176
 300 12 103.659156 40.947346 -32.091794 160.000000 1.158954 34.722222 -0.000000 0.000000 -32.091794
 300 11 137.267887 83.528730 3.646749 280.000000 1.158951 34.722222 14.586997 0.364675 3.282074
 300 3 26.983800 44.201009 0.268017 140.000000 0.741728 34.722222 1.072068 0.026802 0.241215
 300 4 0.000000 20.323616 4.391110 20.000000 4.616691 34.722222 17.564439 0.439111 3.951999
 320 18 0.000000 0.000000 -44.722222 10.000000 0.000000 34.722222 0.000000 0.000000 -44.722222
 320 17 0.000000 23.816026 9.780288 10.000000 1.640441 34.722222 39.121153 0.978029 8.802259
 320 9 13.317942 4.178755 -41.539892 10.000000 13.532690 34.722222 0.000000 0.000000 -41.539892
 320 10 83.730419 11.331487 -14.808663 10.000000 15.412389 34.722222 -0.000000 0.000000 -14.808663
 320 2 0.000000 10.618909 -12.246584 20.000000 0.000000 34.722222 -0.000000 0.000000 -12.246584
 320 1 322.546050 81.767687 6.368041 260.000000 0.508322 34.722222 25.472164 0.636804 5.731237
 320 16 7.264126 0.000000 -62.886199 20.000000 8.163976 34.722222 0.000000 0.000000 -62.886199
 320 15 39.721351 9.346758 -55.175320 40.000000 17.840129 34.722222 -0.000000 0.000000 -55.175320
 320 7 0.000000 0.000000 -45.881174 10.000000 1.158951 34.722222 -0.000000 0.000000 -45.881174
 320 8 37.157500 20.177771 6.395714 10.000000 4.010290 34.722222 25.582858 0.639571 5.756143
 320 14 304.457860 83.530287 3.647995 280.000000 1.158951 34.722222 14.591980 0.364800 3.283196
 320 13 166.496852 70.942183 -2.112442 250.000000 1.158952 34.722222 -0.000000 0.000000 -2.112442
 320 6 5.959101 2.207171 -38.178671 10.000000 2.285133 34.722222 0.000000 0.000000 -38.178671
 320 5 0.000000 2.672392 -45.191609 20.000000 1.158954 34.722222 -0.000000 0.000000 -45.191609
 320 11 186.814278 83.530287 3.647995 280.000000 1.158951 34.722222 14.591980 0.364800 3.283196
 320 12 27.894989 56.882783 16.329991 110.000000 1.158954 34.722222 65.319964 1.632999 14.696992
 320 3 45.379177 36.307542 -20.233781 130.000000 0.741728 34.722222 -0.000000 0.000000 -20.233781
 320 4 0.000000 1.859207 -51.902087 20.000000 4.616691 34.722222 -0.000000 0.000000 -51.902087
 340 17 0.000000 0.000000 -46.362663 10.000000 1.640441 34.722222 -0.000000 0.000000 -46.362663
 340 18 0.000000 0.000000 -44.722222 10.000000 0.000000 34.722222 0.000000 0.000000 -44.722222
 340 9 18.872191 2.933721 -46.520029 10.000000 13.532690 34.722222 0.000000 0.000000 -46.520029
 340 10 76.725778 18.675805 2.913722 10.000000 15.412389 34.722222 11.654887 0.291372 2.622350
 340 1 273.562224 69.689530 -16.472425 260.000000 0.508322 34.722222 -0.000000 0.000000 -16.472425
 340 2 1.203320 0.000000 -54.722222 20.000000 0.000000 34.722222 -0.000000 0.000000 -54.722222
 340 16 4.527354 1.452825 -47.074898 10.000000 8.163976 34.722222 0.000000 0.000000 -47.074898
 340 15 61.359995 9.460671 -34.719668 20.000000 17.840129 34.722222 -0.000000 0.000000 -34.719668
 340 8 79.446232 13.928275 1.396118 10.000000 4.010290 34.722222 5.584471 0.139612 1.256506
 340 7 0.000000 0.000000 -45.881174 10.000000 1.158951 34.722222 -0.000000 0.000000 -45.881174
 340 14 217.091469 83.531067 3.648619 280.000000 1.158951 34.722222 14.594476 0.364862 3.283757
 340 13 158.384916 50.674088 -63.184824 230.000000 1.158952 34.722222 -0.000000 0.000000 -63.184824
 340 6 30.554498 2.120867 -38.523886 10.000000 2.285133 34.722222 0.000000 0.000000 -38.523886
 340 5 14.162051 2.578383 -35.567645 10.000000 1.158954 34.722222 -0.000000 0.000000 -35.567645
 340 12 77.758065 42.972666 5.201898 110.000000 1.158954 34.722222 20.807590 0.520190 4.681708
 340 11 158.573778 83.531067 3.648619 280.000000 1.158951 34.722222 14.594476 0.364862 3.283757
 340 3 30.159212 47.276463 12.728381 90.000000 0.741728 34.722222 50.913522 1.272838 11.455543
 340 4 0.000000 0.000000 -49.338913 10.000000 4.616691 34.722222 -0.000000 0.000000 -49.338913
 360 17 0.000000 0.000000 -46.362663 10.000000 1.640441 34.722222 -0.000000 0.000000 -46.362663
 360 18 0.000000 0.000000 -44.722222 10.000000 0.000000 34.722222 0.000000 0.000000 -44.722222
 360 9 40.776447 3.774438 -43.157159 10.000000 13.532690 34.722222 0.000000 0.000000 -43.157159
 360 10 79.905767 15.345156 0.249202 10.000000 15.412389 34.722222 0.996809 0.024920 0.224282
 360 1 198.461498 60.769588 -32.152193 240.000000 0.508322 34.722222 -0.000000 0.000000 -32.152193
 360 2 13.627818 0.240664 -43.759566 10.000000 0.000000 34.722222 -0.000000 0.000000 -43.759566
 360 16 1.065240 0.905471 -49.264316 10.000000 8.163976 34.722222 0.000000 0.000000 -49.264316
 360 15 69.919658 14.439318 -4.805078 10.000000 17.840129 34.722222 -0.000000 0.000000 -4.805078
 360 8 0.000000 21.303292 7.296131 10.000000 4.010290 34.722222 29.184525 0.729613 6.566518
 360 7 0.000000 0.000000 -45.881174 10.000000 1.158951 34.722222 -0.000000 0.000000 -45.881174
 360 14 304.487789 76.337878 -10.529661 280.000000 1.158951 34.722222 -0.000000 0.000000 -10.529661
 360 13 121.411736 49.759266 2.631178 150.000000 1.158952 34.722222 10.524713 0.263118 2.368060
 360 5 11.702721 5.246511 -24.895134 10.000000 1.158954 34.722222 -0.000000 0.000000 -24.895134
 360 6 25.617111 10.923276 -3.314254 10.000000 2.285133 34.722222 0.000000 0.000000 -3.314254
 360 11 148.410057 81.899837 2.343635 280.000000 1.158951 34.722222 9.374540 0.234364 2.109272
 360 12 40.063349 40.992073 3.617423 110.000000 1.158954 34.722222 14.469694 0.361742 3.255681
 360 3 29.119015 19.379586 -47.945607 90.000000 0.741728 34.722222 -0.000000 0.000000 -47.945607
 360 4 0.000000 0.625979 -46.834999 10.000000 4.616691 34.722222 -0.000000 0.000000 -46.834999
 380 17 0.000000 0.000000 -46.362663 10.000000 1.640441 34.722222 -0.000000 0.000000 -46.362663
 380 18 0.000000 0.000000 -44.722222 10.000000 0.000000 34.722222 0.000000 0.000000 -44.722222
 380 9 23.692060 8.155289 -25.633755 10.000000 13.532690 34.722222 0.000000 0.000000 -25.633755
 380 10 76.481581 16.354356 1.056562 10.000000 15.412389 34.722222 4.226249 0.105656 0.950906
 380 1 279.151696 46.319010 -39.954503 190.000000 0.508322 34.722222 -0.000000 0.000000 -39.954503
 380 2 0.000000 2.725564 -33.819968 10.000000 0.000000 34.722222 -0.000000 0.000000 -33.819968
 380 15 0.000000 15.043393 -2.388777 10.000000 17.840129 34.722222 -0.000000 0.000000 -2.388777
 380 16 28.284098 1.018709 -48.811363 10.000000 8.163976 34.722222 0.000000 0.000000 -48.811363
 380 8 0.000000 0.000000 -48.732512 10.000000 4.010290 34.722222 -0.000000 0.000000 -48.732512
 380 7 1.414710 0.000000 -45.881174 10.000000 1.158951 34.722222 -0.000000 0.000000 -45.881174
 380 14 237.060677 78.162190 3.353517 260.000000 1.158951 34.722222 13.414069 0.335352 3.018165
 380 13 147.808960 38.561783 -31.634043 150.000000 1.158952 34.722222 -0.000000 0.000000 -31.634043
 380 6 32.800126 9.859242 -7.570389 10.000000 2.285133 34.722222 -0.000000 0.000000 -7.570389
 380 5 41.861722 5.755198 -22.860384 10.000000 1.158954 34.722222 -0.000000 0.000000 -22.860384
 380 12 63.677751 28.930832 -30.157850 110.000000 1.158954 34.722222 -0.000000 0.000000 -30.157850
 380 11 104.505688 85.163277 4.954387 280.000000 1.158951 34.722222 19.817549 0.495439 4.458949
 380 3 23.628260 22.585902 -25.120344 80.000000 0.741728 34.722222 -0.000000 0.000000 -25.120344
 380 4 0.000000 0.482843 -47.407540 10.000000 4.616691 34.722222 -0.000000 0.000000 -47.407540
 400 18 0.000000 0.000000 -44.722222 10.000000 0.000000 34.722222 0.000000 0.000000 -44.722222
 400 17 0.000000 0.000000 -46.362663 10.000000 1.640441 34.722222 -0.000000 0.000000 -46.362663
 400 9 21.634205 4.738412 -39.301265 10.000000 13.532690 34.722222 0.000000 0.000000 -39.301265
 400 10 36.208232 17.873568 2.271932 10.000000 15.412389 34.722222 9.087728 0.227193 2.044739
 400 1 200.356190 58.862642 12.044005 140.000000 0.508322 34.722222 48.176020 1.204401 10.839605
 400 2 0.840208 0.000000 -44.722222 10.000000 0.000000 34.722222 -0.000000 0.000000 -44.722222
 400 16 19.122661 6.472558 -26.995966 10.000000 8.163976 34.722222 0.000000 0.000000 -26.995966
 400 15 0.000000 0.000000 -62.562351 10.000000 17.840129 34.722222 -0.000000 0.000000 -62.562351
 400 7 0.000000 0.282942 -44.749406 10.000000 1.158951 34.722222 0.000000 0.000000 -44.749406
 400 8 0.000000 0.000000 -48.732512 10.000000 4.010290 34.722222 -0.000000 0.000000 -48.732512
 400 14 204.570277 69.058362 -19.647726 260.000000 1.158951 34.722222 -0.000000 0.000000 -19.647726
 400 13 149.863156 47.392669 10.737900 100.000000 1.158952 34.722222 42.951600 1.073790 9.664110
 400 5 9.463010 9.364231 -8.424253 10.000000 1.158954 34.722222 -0.000000 0.000000 -8.424253
 400 6 80.864093 8.165082 -14.347026 10.000000 2.285133 34.722222 -0.000000 0.000000 -14.347026
 400 12 47.322201 29.250671 -28.878494 110.000000 1.158954 34.722222 -0.000000 0.000000 -28.878494
 400 11 149.214687 81.092095 1.697441 280.000000 1.158951 34.722222 6.789765 0.169744 1.527697
 400 3 33.719933 19.435617 -7.721481 50.000000 0.741728 34.722222 -0.000000 0.000000 -7.721481
 400 4 0.000000 0.295580 -48.156593 10.000000 4.616691 34.722222 -0.000000 0.000000 -48.156593
 420 18 0.000000 0.000000 -44.722222 10.000000 0.000000 34.722222 0.000000 0.000000 -44.722222
 420 17 0.000000 0.000000 -46.362663 10.000000 1.640441 34.722222 -0.000000 0.000000 -46.362663
 420 10 0.000000 7.481581 -30.208286 10.000000 15.412389 34.722222 -0.000000 0.000000 -30.208286
 420 9 69.336362 4.326841 -40.947549 10.000000 13.532690 34.722222 0.000000 0.000000 -40.947549
 420 1 252.663499 46.352374 2.035790 140.000000 0.508322 34.722222 8.143162 0.203579 1.832211
 420 2 7.557373 0.168042 -44.050056 10.000000 0.000000 34.722222 -0.000000 0.000000 -44.050056
 420 16 19.713830 3.965567 -37.023929 10.000000 8.163976 34.722222 0.000000 0.000000 -37.023929
 420 15 0.926231 0.000000 -62.562351 10.000000 17.840129 34.722222 -0.000000 0.000000 -62.562351
 420 7 20.795939 0.000000 -45.881174 10.000000 1.158951 34.722222 0.000000 0.000000 -45.881174
 420 8 0.000000 0.000000 -48.732512 10.000000 4.010290 34.722222 -0.000000 0.000000 -48.732512
 420 14 204.658552 59.365747 -18.418186 220.000000 1.158951 34.722222 -0.000000 0.000000 -18.418186
 420 13 107.885564 42.625875 6.924465 100.000000 1.158952 34.722222 27.697860 0.692447 6.232019
 420 6 22.803405 25.497639 10.996640 10.000000 2.285133 34.722222 43.986559 1.099664 9.896976
 420 5 30.419438 4.809649 -26.642582 10.000000 1.158954 34.722222 -0.000000 0.000000 -26.642582
 420 12 20.122273 30.462441 -14.031414 100.000000 1.158954 34.722222 -0.000000 0.000000 -14.031414
 420 11 145.419699 78.037424 -3.731479 280.000000 1.158951 34.722222 -0.000000 0.000000 -3.731479
 420 3 0.000000 18.479153 1.690532 30.000000 0.741728 34.722222 6.762129 0.169053 1.521479
 420 4 1.845535 0.505026 -47.318809 10.000000 4.616691 34.722222 -0.000000 0.000000 -47.318809
 440 18 0.000000 0.000000 -44.722222 10.000000 0.000000 34.722222 0.000000 0.000000 -44.722222
 440 17 0.000000 0.000000 -46.362663 10.000000 1.640441 34.722222 -0.000000 0.000000 -46.362663
 440 9 51.767806 15.255760 2.768129 10.000000 13.532690 34.722222 0.000000 0.276813 2.491316
 440 10 0.000000 0.000000 -60.134611 10.000000 15.412389 34.722222 -0.000000 0.000000 -60.134611
 440 1 164.740935 56.309505 10.001495 140.000000 0.508322 34.722222 40.005980 1.000149 9.001345
 440 2 0.000000 1.511475 -38.676324 10.000000 0.000000 34.722222 -0.000000 0.000000 -38.676324
 440 16 2.077196 4.466312 -35.020950 10.000000 8.163976 34.722222 0.000000 0.000000 -35.020950
 440 15 8.940369 0.742093 -59.593980 10.000000 17.840129 34.722222 -0.000000 0.000000 -59.593980
 440 7 5.713307 5.026732 -25.774248 10.000000 1.158951 34.722222 0.000000 0.000000 -25.774248
 440 8 0.000000 0.000000 -48.732512 10.000000 4.010290 34.722222 -0.000000 0.000000 -48.732512
 440 14 181.222858 58.532123 3.649463 180.000000 1.158951 34.722222 14.597854 0.364946 3.284517
 440 13 126.053065 33.276743 -2.774201 100.000000 1.158952 34.722222 -0.000000 0.000000 -2.774201
 440 5 39.199444 16.072990 3.682156 10.000000 1.158954 34.722222 14.728626 0.368216 3.313941
 440 6 83.221049 10.166485 -6.341415 10.000000 2.285133 34.722222 -0.000000 0.000000 -6.341415
 440 12 56.453282 22.415346 -26.219793 80.000000 1.158954 34.722222 -0.000000 0.000000 -26.219793
 440 11 99.737807 72.624533 0.923391 250.000000 1.158951 34.722222 3.693566 0.092339 0.831052
 440 4 0.000000 0.537462 -47.189064 10.000000 4.616691 34.722222 -0.000000 0.000000 -47.189064
 440 3 19.091576 6.418026 -39.791845 30.000000 0.741728 34.722222 -0.000000 0.000000 -39.791845
 460 17 0.000000 0.000000 -46.362663 10.000000 1.640441 34.722222 -0.000000 0.000000 -46.362663
 460 18 0.000000 0.706387 -41.896676 10.000000 0.000000 34.722222 0.000000 0.000000 -41.896676
 460 10 0.000000 0.000000 -60.134611 10.000000 15.412389 34.722222 -0.000000 0.000000 -60.134611
 460 9 95.684314 11.579739 -11.935956 10.000000 13.532690 34.722222 -0.000000 0.000000 -11.935956
 460 1 219.982015 35.067375 -34.961043 140.000000 0.508322 34.722222 -0.000000 0.000000 -34.961043
 460 2 12.425572 0.000000 -44.722222 10.000000 0.000000 34.722222 0.000000 0.000000 -44.722222
 460 16 52.467596 0.824586 -49.587856 10.000000 8.163976 34.722222 0.000000 0.000000 -49.587856
 460 15 2.167264 2.012488 -54.512398 10.000000 17.840129 34.722222 -0.000000 0.000000 -54.512398
 460 7 3.639173 1.443331 -40.107849 10.000000 1.158951 34.722222 0.000000 0.000000 -40.107849
 460 8 0.000000 0.000000 -48.732512 10.000000 4.010290 34.722222 -0.000000 0.000000 -48.732512
 460 14 158.179557 49.426705 -18.174353 180.000000 1.158951 34.722222 -0.000000 0.000000 -18.174353
 460 13 77.743466 38.625721 3.724342 100.000000 1.158952 34.722222 14.897369 0.372434 3.351908
 460 6 0.000000 22.516561 8.611777 10.000000 2.285133 34.722222 34.447110 0.861178 7.750600
 460 5 0.000000 20.174995 6.963760 10.000000 1.158954 34.722222 27.855042 0.696376 6.267384
 460 12 80.425107 21.991824 2.417224 40.000000 1.158954 34.722222 9.668896 0.241722 2.175502
 460 11 109.007208 59.328491 -38.567207 240.000000 1.158951 34.722222 -0.000000 0.000000 -38.567207
 460 3 0.676310 10.900137 -11.863402 20.000000 0.741728 34.722222 -0.000000 0.000000 -11.863402
 460 4 1.597564 1.964140 -41.482352 10.000000 4.616691 34.722222 -0.000000 0.000000 -41.482352
 480 18 0.000000 0.244452 -9.022192 10.000000 0.000000 0.000000 0.000000 0.000000 -9.022192
 480 17 0.000000 0.000000 -11.640441 10.000000 1.640441 0.000000 -0.000000 0.000000 -11.640441
 480 9 0.000000 19.525262 3.969227 10.000000 13.532690 34.722222 15.876908 0.396923 3.572304
 480 10 0.774869 0.000000 -60.134611 10.000000 15.412389 34.722222 -0.000000 0.000000 -60.134611
 480 1 196.340255 47.984469 3.341466 140.000000 0.508322 34.722222 13.365865 0.334147 3.007320
 480 2 38.679920 2.602989 -34.310265 10.000000 0.000000 34.722222 0.000000 0.000000 -34.310265
 480 16 100.929628 10.873233 -9.393266 10.000000 8.163976 34.722222 0.000000 0.000000 -9.393266
 480 15 6.753848 0.433453 -60.828540 10.000000 17.840129 34.722222 -0.000000 0.000000 -60.828540
 480 7 41.491663 0.845710 -42.498335 10.000000 1.158951 34.722222 0.000000 0.000000 -42.498335
 480 8 0.000000 0.000000 -48.732512 10.000000 4.010290 34.722222 -0.000000 0.000000 -48.732512
 480 14 146.950564 47.759002 1.030967 150.000000 1.158951 34.722222 4.123869 0.103097 0.927871
 480 13 95.183714 27.638883 -25.325641 100.000000 1.158952 34.722222 -0.000000 0.000000 -25.325641
 480 5 0.000000 0.000000 -45.881176 10.000000 1.158954 34.722222 -0.000000 0.000000 -45.881176
 480 6 0.000000 0.000000 -47.007356 10.000000 2.285133 34.722222 -0.000000 0.000000 -47.007356
 480 11 75.029712 61.976724 6.405145 180.000000 1.158951 34.722222 25.620578 0.640514 5.764630
 480 12 32.237664 34.341094 12.296640 40.000000 1.158954 34.722222 49.186559 1.229664 11.066976
 480 4 0.810715 6.880145 -21.818332 10.000000 4.616691 34.722222 -0.000000 0.000000 -21.818332
 480 3 2.007777 6.418079 -29.791633 20.000000 0.741728 34.722222 -0.000000 0.000000 -29.791633
 500 17 0.000000 0.000000 -11.640441 10.000000 1.640441 0.000000 -0.000000 0.000000 -11.640441
 500 18 0.000000 2.772325 1.089302 10.000000 0.000000 0.000000 0.000000 0.108930 0.980372
 500 10 1.230928 0.154974 -24.792494 10.000000 15.412389 0.000000 -0.000000 0.000000 -24.792494
 500 9 0.000000 0.000000 -23.532690 10.000000 13.532690 0.000000 -0.000000 0.000000 -23.532690
 500 2 18.144544 7.851929 9.647663 10.000000 0.000000 0.000000 11.760053 0.964766 8.682896
 500 1 82.703131 43.949492 7.057930 140.000000 0.508322 0.000000 28.231718 0.705793 6.352137
 500 15 0.823118 1.845031 -20.460004 10.000000 17.840129 0.000000 -0.000000 0.000000 -20.460004
 500 16 71.494803 21.575871 68.139509 10.000000 8.163976 0.000000 0.000000 6.813951 61.325558
 500 8 0.000000 0.000000 -14.010290 10.000000 4.010290 0.000000 -0.000000 0.000000 -14.010290
 500 7 2.519177 9.044128 24.782465 10.000000 1.158951 0.000000 0.235097 2.478246 22.304218
 500 13 44.182193 25.411693 0.097564 100.000000 1.158952 0.000000 0.390258 0.009756 0.087808
 500 14 79.403183 42.500070 5.768266 140.000000 1.158951 0.000000 23.073063 0.576827 5.191439
 500 6 0.000000 0.000000 -12.285133 10.000000 2.285133 0.000000 -0.000000 0.000000 -12.285133
 500 5 0.000000 0.000000 -11.158954 10.000000 1.158954 0.000000 -0.000000 0.000000 -11.158954
 500 12 13.555217 14.573558 3.427055 40.000000 1.158954 0.000000 13.708220 0.342706 3.084350
 500 11 41.920274 43.799940 -5.959192 180.000000 1.158951 0.000000 -0.000000 0.000000 -5.959192
 500 3 7.754552 1.738158 -3.789095 10.000000 0.741728 0.000000 -0.000000 0.000000 -3.789095
 500 4 3.486792 10.152179 5.198405 10.000000 4.616691 0.000000 20.793618 0.519840 4.678564
 520 18 0.000000 1.991095 -2.035621 10.000000 0.000000 0.000000 0.000000 0.000000 -2.035621
 520 17 0.000000 0.111012 -11.196392 10.000000 1.640441 0.000000 -0.000000 0.000000 -11.196392
 520 9 0.000000 0.000000 -23.532690 10.000000 13.532690 0.000000 -0.000000 0.000000 -23.532690
 520 10 8.644912 0.246186 -24.427647 10.000000 15.412389 0.000000 -0.000000 0.000000 -24.427647
 520 1 0.000000 18.122432 0.396281 70.000000 0.508322 0.000000 1.585124 0.039628 0.356653
 520 2 24.163242 3.628909 0.903127 10.000000 0.000000 0.000000 3.612508 0.090313 0.812814
 520 16 42.878396 15.788710 40.598729 10.000000 7.005022 0.000000 5.551088 4.059873 36.538856
 520 15 7.705626 0.164624 -26.022680 10.000000 16.681175 0.000000 -0.000000 0.000000 -26.022680
 520 7 21.163456 2.403502 -0.385993 10.000000 0.000000 0.000000 0.000000 0.000000 -0.385993
 520 8 0.000000 0.000000 -12.851336 10.000000 2.851336 0.000000 -0.000000 0.000000 -12.851336
 520 14 31.425049 25.327363 6.261890 70.000000 0.000000 0.000000 25.047561 0.626189 5.635701
 520 13 54.774726 12.681703 0.145362 50.000000 0.000000 0.000000 0.581448 0.014536 0.130826
 520 5 0.000000 0.000000 -10.000000 10.000000 0.000000 0.000000 -0.000000 0.000000 -10.000000
 520 6 0.000000 0.000000 -11.126179 10.000000 1.126179 0.000000 -0.000000 0.000000 -11.126179
 520 11 40.932407 21.386192 -4.455232 90.000000 0.000000 0.000000 -0.000000 0.000000 -4.455232
 520 12 20.532124 10.723060 4.578448 20.000000 0.000000 0.000000 18.313791 0.457845 4.120603
 520 4 2.825213 6.826605 2.686291 10.000000 3.874963 0.000000 10.745165 0.268629 2.417662
 520 3 4.827617 3.388634 0.710907 10.000000 0.000000 0.000000 2.843629 0.071091 0.639817
 540 17 0.000000 2.526443 -1.534669 10.000000 1.640441 0.000000 -0.000000 0.000000 -1.534669
 540 18 0.000000 7.817962 21.271846 10.000000 0.000000 0.000000 0.000000 2.127185 19.144662
 540 10 7.572140 1.728982 -13.385660 10.000000 10.301589 0.000000 -0.000000 0.000000 -13.385660
 540 2 64.442614 4.910181 1.928145 10.000000 0.000000 0.000000 7.712579 0.192814 1.735330
 540 1 0.000000 0.000000 -40.000000 40.000000 0.000000 0.000000 -0.000000 0.000000 -40.000000
 540 15 53.717881 1.541125 -20.516674 10.000000 16.681175 0.000000 -0.000000 0.000000 -20.516674
 540 16 112.890702 10.194214 4.754367 10.000000 7.005022 0.000000 19.017468 0.475437 4.278930
 540 8 17.607576 0.412929 -11.199621 10.000000 2.851336 0.000000 -0.000000 0.000000 -11.199621
 540 7 91.110852 7.584459 4.067567 10.000000 0.000000 0.000000 16.270270 0.406757 3.660811
 540 13 0.000000 22.788566 12.230853 30.000000 0.000000 0.000000 48.923411 1.223085 11.007768
 540 14 0.000000 6.285010 -14.859961 40.000000 0.000000 0.000000 -0.000000 0.000000 -14.859961
 540 6 0.000000 0.074973 -10.826286 10.000000 1.126179 0.000000 -0.000000 0.000000 -10.826286
 540 5 1.569857 0.089093 -9.643627 10.000000 0.000000 0.000000 -0.000000 0.000000 -9.643627
 540 12 7.212667 13.935677 12.789895 10.000000 0.000000 32.952813 0.000000 1.278989 11.510905
 540 11 0.000000 8.597093 -15.611627 50.000000 0.000000 0.000000 -0.000000 0.000000 -15.611627
 540 3 18.205037 11.960191 7.568153 10.000000 0.000000 0.000000 30.272613 0.756815 6.811338
 540 4 17.777174 22.503609 15.227895 10.000000 3.874963 0.000000 60.911579 1.522789 13.705105
 540 9 15.726894 0.000000 -18.832353 10.000000 8.832353 0.000000 0.000000 0.000000 -23.532690
 560 18 0.000000 10.700605 32.802420 10.000000 0.000000 0.000000 0.000000 3.280242 29.522178
 560 17 0.000000 3.665924 0.604651 10.000000 1.640441 0.000000 2.418603 0.060465 0.544186
 560 10 29.191923 1.514428 -14.243877 10.000000 10.301589 0.000000 -0.000000 0.000000 -14.243877
 560 1 0.000000 0.000000 -20.000000 20.000000 0.000000 0.000000 -0.000000 0.000000 -20.000000
 560 2 74.335705 13.935400 9.148320 10.000000 0.000000 0.000000 36.593280 0.914832 8.233488
 560 16 0.000000 22.578140 14.661508 10.000000 7.005022 0.000000 58.646032 1.466151 13.195357
 560 15 39.181496 12.900898 4.984483 10.000000 16.681175 0.000000 19.937932 0.498448 4.486035
 560 7 81.695779 26.693435 19.354748 10.000000 0.000000 0.000000 77.418991 1.935475 17.419273
 560 8 18.303937 5.210735 1.598321 10.000000 2.851336 0.000000 6.393284 0.159832 1.438489
 560 13 0.000000 0.000000 -20.000000 20.000000 0.000000 0.000000 -0.000000 0.000000 -20.000000
 560 14 0.000000 0.000000 -20.000000 20.000000 0.000000 0.000000 -0.000000 0.000000 -20.000000
 560 5 1.788434 2.037775 -1.848901 10.000000 0.000000 0.000000 -0.000000 0.000000 -1.848901
 560 6 4.676790 0.466195 -9.261398 10.000000 1.126179 0.000000 -0.000000 0.000000 -9.261398
 560 12 2.133362 4.957488 -23.122862 10.000000 0.000000 32.952813 -0.000000 0.000000 -23.122862
 560 11 0.000000 0.000000 -30.000000 30.000000 0.000000 0.000000 -0.000000 0.000000 -30.000000
 560 4 0.000000 3.555435 0.069355 10.000000 3.874963 0.000000 0.277421 0.006936 0.062420
 560 3 14.287568 20.953419 14.762735 10.000000 0.000000 0.000000 59.050942 1.476274 13.286462
 560 9 15.726894 0.000000 -18.832353 10.000000 8.832353 0.000000 0.000000 0.000000 -23.532690
 580 17 0.000000 31.610277 22.960133 10.000000 1.640441 0.000000 91.840534 2.296013 20.664120
 580 18 0.000000 45.241060 77.446108 10.000000 0.000000 0.000000 93.518131 7.744611 69.701497
 580 10 56.768056 6.045882 0.776388 10.000000 10.301589 0.000000 3.105550 0.077639 0.698749
 580 2 111.520534 18.850031 13.080025 10.000000 0.000000 0.000000 52.320101 1.308003 11.772023
 580 1 0.000000 0.000000 -10.000000 10.000000 0.000000 0.000000 -0.000000 0.000000 -10.000000
 580 15 56.391422 14.676438 6.404915 10.000000 16.681175 0.000000 25.619661 0.640492 5.764424
 580 16 0.000000 0.000000 -17.005022 10.000000 7.005022 0.000000 -0.000000 0.000000 -17.005022
 580 8 56.686253 16.917992 10.964126 10.000000 2.851336 0.000000 43.856506 1.096413 9.867714
 580 7 0.000000 20.186974 14.149579 10.000000 0.000000 0.000000 56.598317 1.414958 12.734621
 580 13 39.647917 0.000000 -47.820693 10.000000 0.000000 37.820693 0.000000 0.000000 -47.820693
 580 14 39.658630 0.000000 -47.820693 10.000000 0.000000 37.820693 0.000000 0.000000 -47.820693
 580 6 31.603031 2.701760 -0.319141 10.000000 1.126179 0.000000 -0.000000 0.000000 -0.319141
 580 5 63.876726 5.383598 2.306879 10.000000 0.000000 0.000000 9.227514 0.230688 2.076191
 580 12 29.024030 4.206814 -26.125559 10.000000 0.000000 32.952813 -0.000000 0.000000 -26.125559
 580 11 0.000000 0.000000 -20.000000 20.000000 0.000000 0.000000 -0.000000 0.000000 -20.000000
 580 3 0.000000 8.490912 4.792730 10.000000 0.000000 0.000000 19.170919 0.479273 4.313457
 580 4 0.000000 0.000000 -13.874963 10.000000 3.874963 0.000000 -0.000000 0.000000 -13.874963
 580 9 15.726894 0.000000 -18.832353 10.000000 8.832353 0.000000 0.000000 0.000000 -23.532690
 600 18 0.000000 33.900851 25.120681 10.000000 0.000000 0.000000 100.482724 2.512068 22.608613
 600 17 0.000000 0.652234 -9.031504 10.000000 1.640441 0.000000 -0.000000 0.000000 -9.031504
 600 10 0.000000 11.353611 5.022571 10.000000 10.301589 0.000000 20.090284 0.502257 4.520314
 600 1 0.000000 0.000000 -10.000000 10.000000 0.000000 0.000000 -0.000000 0.000000 -10.000000
 600 2 0.000000 22.304107 15.843285 10.000000 0.000000 0.000000 63.373142 1.584329 14.258957
 600 15 0.000000 11.278284 3.686393 10.000000 16.681175 0.000000 14.745570 0.368639 3.317753
 600 7 0.000000 0.000000 -10.000000 10.000000 0.000000 0.000000 -0.000000 0.000000 -10.000000
 600 8 0.000000 11.337251 6.499533 10.000000 2.851336 0.000000 25.998133 0.649953 5.849580
 600 14 51.424022 7.931726 -16.093789 10.000000 0.000000 37.820693 0.000000 0.000000 -16.093789
 600 13 51.853857 8.103374 -15.407196 10.000000 0.000000 37.820693 0.000000 0.000000 -15.407196
 600 5 0.000000 12.775345 8.220276 10.000000 0.000000 0.000000 32.881105 0.822028 7.398249
 600 6 0.000000 17.469877 11.750665 10.000000 1.126179 0.000000 47.002661 1.175067 10.575599
 600 12 45.447271 20.224095 7.588713 10.000000 0.000000 32.952813 30.354854 0.758871 6.829842
 600 11 0.000000 0.000000 -10.000000 10.000000 0.000000 0.000000 -0.000000 0.000000 -10.000000
 600 4 0.000000 0.000000 -13.874963 10.000000 3.874963 0.000000 -0.000000 0.000000 -13.874963
 600 3 0.000000 0.000000 -10.000000 10.000000 0.000000 0.000000 -0.000000 0.000000 -10.000000
 600 9 15.726894 0.000000 -18.832353 10.000000 8.832353 0.000000 0.000000 0.000000 -23.532690
 600 16 0.000000 0.000000 -17.005022 10.000000 7.005022 0.000000 0.000000 0.000000 -17.005022
 620 17 0.000000 0.000000 -11.640441 10.000000 1.640441 0.000000 -0.000000 0.000000 -11.640441
 620 18 0.000000 0.000000 -10.000000 10.000000 0.000000 0.000000 -0.000000 0.000000 -10.000000
 620 2 0.000000 0.000000 -10.000000 10.000000 0.000000 0.000000 -0.000000 0.000000 -10.000000
 620 1 0.000000 0.000000 -10.000000 10.000000 0.000000 0.000000 -0.000000 0.000000 -10.000000
 620 15 0.000000 0.000000 -23.246777 10.000000 13.246777 0.000000 -0.000000 0.000000 -23.246777
 620 8 0.000000 0.000000 -12.851336 10.000000 2.851336 0.000000 -0.000000 0.000000 -12.851336
 620 7 0.000000 0.000000 -10.000000 10.000000 0.000000 0.000000 -0.000000 0.000000 -10.000000
 620 14 57.316522 10.284804 -6.681476 10.000000 0.000000 37.820693 -0.000000 0.000000 -6.681476
 620 13 57.531798 10.370771 -6.337608 10.000000 0.000000 37.820693 0.000000 0.000000 -6.337608
 620 6 0.000000 0.000000 -11.126179 10.000000 1.126179 0.000000 -0.000000 0.000000 -11.126179
 620 5 0.000000 0.000000 -10.000000 10.000000 0.000000 0.000000 -0.000000 0.000000 -10.000000
 620 12 55.688108 10.917505 0.143441 10.000000 0.000000 32.952813 0.573765 0.014344 0.129097
 620 11 0.000000 0.000000 -10.000000 10.000000 0.000000 0.000000 -0.000000 0.000000 -10.000000
 620 3 0.000000 0.000000 -10.000000 10.000000 0.000000 0.000000 -0.000000 0.000000 -10.000000
 620 10 0.000000 0.000000 -19.922259 10.000000 9.922259 0.000000 0.000000 0.000000 4.520314
 620 9 15.726894 0.000000 -18.832353 10.000000 8.832353 0.000000 0.000000 0.000000 -23.532690
 620 16 0.000000 0.000000 -17.005022 10.000000 7.005022 0.000000 0.000000 0.000000 -17.005022
 620 4 0.000000 0.000000 -13.874963 10.000000 3.874963 0.000000 0.000000 0.000000 -13.874963
 640 18 0.000000 0.000000 -10.000000 10.000000 0.000000 0.000000 -0.000000 0.000000 -10.000000
 640 17 0.000000 0.000000 -11.581463 10.000000 1.581463 0.000000 -0.000000 0.000000 -11.581463
 640 1 0.000000 0.000000 -10.000000 10.000000 0.000000 0.000000 -0.000000 0.000000 -10.000000
 640 2 0.000000 0.000000 -10.000000 10.000000 0.000000 0.000000 -0.000000 0.000000 -10.000000
 640 15 0.000000 0.000000 -23.246777 10.000000 13.246777 0.000000 -0.000000 0.000000 -23.246777
 640 7 0.000000 0.000000 -10.000000 10.000000 0.000000 0.000000 -0.000000 0.000000 -10.000000
 640 8 0.000000 0.000000 -11.408521 10.000000 1.408521 0.000000 -0.000000 0.000000 -11.408521
 640 14 60.267682 11.463304 -1.967476 10.000000 0.000000 37.820693 -0.000000 0.000000 -1.967476
 640 13 60.375500 11.506360 -1.795255 10.000000 0.000000 37.820693 0.000000 0.000000 -1.795255
 640 5 0.000000 0.000000 -10.000000 10.000000 0.000000 0.000000 -0.000000 0.000000 -10.000000
 640 6 0.000000 0.000000 -11.126179 10.000000 1.126179 0.000000 -0.000000 0.000000 -11.126179
 640 12 51.501134 11.137622 0.319535 10.000000 0.000000 32.952813 1.278139 0.031953 0.287581
 640 11 0.000000 0.000000 -10.000000 10.000000 0.000000 0.000000 -0.000000 0.000000 -10.000000
 640 3 0.000000 0.000000 -10.000000 10.000000 0.000000 0.000000 -0.000000 0.000000 -10.000000
 640 10 0.000000 0.000000 -19.922259 10.000000 9.922259 0.000000 0.000000 0.000000 4.520314
 640 9 15.726894 0.000000 -18.832353 10.000000 8.832353 0.000000 0.000000 0.000000 -23.532690
 640 16 0.000000 0.000000 -17.005022 10.000000 7.005022 0.000000 0.000000 0.000000 -17.005022
 640 4 0.000000 0.000000 -13.874963 10.000000 3.874963 0.000000 0.000000 0.000000 -13.874963
 660 17 0.000000 0.000000 -11.581463 10.000000 1.581463 0.000000 -0.000000 0.000000 -11.581463
 660 18 0.000000 0.000000 -10.000000 10.000000 0.000000 0.000000 -0.000000 0.000000 -10.000000
 660 2 0.000000 0.000000 -10.000000 10.000000 0.000000 0.000000 -0.000000 0.000000 -10.000000
 660 1 0.000000 0.000000 -10.000000 10.000000 0.000000 0.000000 -0.000000 0.000000 -10.000000
 660 8 0.000000 0.000000 -11.123384 10.000000 1.123384 0.000000 -0.000000 0.000000 -11.123384
 660 14 61.745722 12.053536 0.078690 10.000000 0.000000 37.820693 0.314762 0.007869 0.070821
 660 13 61.799720 12.075100 0.095941 10.000000 0.000000 37.820693 0.383765 0.009594 0.086347
 660 6 0.000000 0.000000 -11.126179 10.000000 1.126179 0.000000 -0.000000 0.000000 -11.126179
 660 5 0.000000 0.000000 -10.000000 10.000000 0.000000 0.000000 -0.000000 0.000000 -10.000000
 660 12 56.515382 11.247864 0.407728 10.000000 0.000000 32.952813 1.630913 0.040773 0.366955
 660 11 0.000000 0.000000 -10.000000 10.000000 0.000000 0.000000 -0.000000 0.000000 -10.000000
 660 3 0.000000 0.000000 -10.000000 10.000000 0.000000 0.000000 -0.000000 0.000000 -10.000000
 660 10 0.000000 0.000000 -19.922259 10.000000 9.922259 0.000000 0.000000 0.000000 4.520314
 660 9 15.726894 0.000000 -18.832353 10.000000 8.832353 0.000000 0.000000 0.000000 -23.532690
 660 16 0.000000 0.000000 -17.005022 10.000000 7.005022 0.000000 0.000000 0.000000 -17.005022
 660 15 0.000000 0.000000 -21.148081 10.000000 11.148081 0.000000 0.000000 0.000000 -23.246777
 660 7 0.000000 0.000000 -10.000000 10.000000 0.000000 0.000000 0.000000 0.000000 -10.000000
 660 4 0.000000 0.000000 -13.874963 10.000000 3.874963 0.000000 0.000000 0.000000 -13.874963
 680 18 0.000000 0.000000 -10.000000 10.000000 0.000000 0.000000 0.000000 0.000000 -10.000000
 680 17 0.000000 0.000000 -10.499679 10.000000 0.499679 0.000000 -0.000000 0.000000 -10.499679
 680 1 0.000000 0.000000 -10.000000 10.000000 0.000000 0.000000 -0.000000 0.000000 -10.000000
 680 8 0.000000 0.000000 -10.167303 10.000000 0.167303 0.000000 -0.000000 0.000000 -10.167303
 680 14 62.485973 12.349144 0.315177 10.000000 0.000000 37.820693 1.260707 0.031518 0.283659
 680 13 62.513017 12.359944 0.323817 10.000000 0.000000 37.820693 1.295266 0.032382 0.291435
 680 5 0.000000 0.000000 -10.000000 10.000000 0.000000 0.000000 -0.000000 0.000000 -10.000000
 680 6 0.000000 0.000000 -11.126179 10.000000 1.126179 0.000000 -0.000000 0.000000 -11.126179
 680 12 56.653644 11.303076 0.451898 10.000000 0.000000 32.952813 1.807594 0.045190 0.406709
 680 11 0.000000 0.000000 -10.000000 10.000000 0.000000 0.000000 -0.000000 0.000000 -10.000000
 680 3 0.000000 0.000000 -10.000000 10.000000 0.000000 0.000000 -0.000000 0.000000 -10.000000
 680 10 0.000000 0.000000 -19.922259 10.000000 9.922259 0.000000 0.000000 0.000000 4.520314
 680 9 15.726894 0.000000 -18.832353 10.000000 8.832353 0.000000 0.000000 0.000000 -23.532690
 680 2 0.000000 0.000000 -10.000000 10.000000 0.000000 0.000000 0.000000 0.000000 -10.000000
 680 16 0.000000 0.000000 -17.005022 10.000000 7.005022 0.000000 0.000000 0.000000 -17.005022
 680 15 0.000000 0.000000 -21.148081 10.000000 11.148081 0.000000 0.000000 0.000000 -23.246777
 680 7 0.000000 0.000000 -10.000000 10.000000 0.000000 0.000000 0.000000 0.000000 -10.000000
 680 4 0.000000 0.000000 -13.874963 10.000000 3.874963 0.000000 0.000000 0.000000 -13.874963
 700 17 0.000000 0.000000 -10.000000 10.000000 0.000000 0.000000 -0.000000 0.000000 -10.000000
 700 1 0.000000 0.000000 -10.000000 10.000000 0.000000 0.000000 -0.000000 0.000000 -10.000000
 700 8 0.000000 0.000000 -10.167303 10.000000 0.167303 0.000000 -0.000000 0.000000 -10.167303
 700 14 62.856716 12.497195 0.433617 10.000000 0.000000 37.820693 1.734468 0.043362 0.390255
 700 13 62.870260 12.502603 0.437944 10.000000 0.000000 37.820693 1.751777 0.043794 0.394150
 700 6 0.000000 0.000000 -11.126179 10.000000 1.126179 0.000000 -0.000000 0.000000 -11.126179
 700 5 0.000000 0.000000 -10.000000 10.000000 0.000000 0.000000 -0.000000 0.000000 -10.000000
 700 12 49.343672 11.330729 0.474020 10.000000 0.000000 32.952813 1.896081 0.047402 0.426618
 700 11 0.000000 0.000000 -10.000000 10.000000 0.000000 0.000000 -0.000000 0.000000 -10.000000
 700 3 0.000000 0.000000 -10.000000 10.000000 0.000000 0.000000 -0.000000 0.000000 -10.000000
 700 18 0.000000 0.000000 -10.000000 10.000000 0.000000 0.000000 0.000000 0.000000 -10.000000
 700 10 0.000000 0.000000 -19.922259 10.000000 9.922259 0.000000 0.000000 0.000000 4.520314
 700 9 15.726894 0.000000 -18.832353 10.000000 8.832353 0.000000 0.000000 0.000000 -23.532690
 700 2 0.000000 0.000000 -10.000000 10.000000 0.000000 0.000000 0.000000 0.000000 -10.000000
 700 16 0.000000 0.000000 -17.005022 10.000000 7.005022 0.000000 0.000000 0.000000 -17.005022
 700 15 0.000000 0.000000 -21.148081 10.000000 11.148081 0.000000 0.000000 0.000000 -23.246777
 700 7 0.000000 0.000000 -10.000000 10.000000 0.000000 0.000000 0.000000 0.000000 -10.000000
 700 4 0.000000 0.000000 -13.874963 10.000000 3.874963 0.000000 0.000000 0.000000 -13.874963
 720 17 0.000000 0.000000 -10.000000 10.000000 0.000000 0.000000 -0.000000 0.000000 -10.000000
 720 1 0.000000 0.000000 -10.000000 10.000000 0.000000 0.000000 -0.000000 0.000000 -10.000000
 720 14 63.042396 12.571343 0.492936 10.000000 0.000000 37.820693 1.971743 0.049294 0.443642
 720 13 63.049180 12.574052 0.495103 10.000000 0.000000 37.820693 1.980412 0.049510 0.445593
 720 5 0.000000 0.000000 -10.000000 10.000000 0.000000 0.000000 -0.000000 0.000000 -10.000000
 720 6 0.000000 0.000000 -11.126179 10.000000 1.126179 0.000000 -0.000000 0.000000 -11.126179
 720 12 56.757571 11.344578 0.485100 10.000000 0.000000 32.952813 1.940399 0.048510 0.436590
 720 11 0.000000 0.000000 -10.000000 10.000000 0.000000 0.000000 -0.000000 0.000000 -10.000000
 720 3 0.000000 0.000000 -10.000000 10.000000 0.000000 0.000000 -0.000000 0.000000 -10.000000
 720 18 0.000000 0.000000 -10.000000 10.000000 0.000000 0.000000 0.000000 0.000000 -10.000000
 720 10 0.000000 0.000000 -19.922259 10.000000 9.922259 0.000000 0.000000 0.000000 4.520314
 720 9 15.726894 0.000000 -18.832353 10.000000 8.832353 0.000000 0.000000 0.000000 -23.532690
 720 2 0.000000 0.000000 -10.000000 10.000000 0.000000 0.000000 0.000000 0.000000 -10.000000
 720 15 0.000000 0.000000 -21.148081 10.000000 11.148081 0.000000 0.000000 0.000000 -23.246777
 720 16 0.000000 0.000000 -17.005022 10.000000 7.005022 0.000000 0.000000 0.000000 -17.005022
 720 7 0.000000 0.000000 -10.000000 10.000000 0.000000 0.000000 0.000000 0.000000 -10.000000
 720 8 0.000000 0.000000 -10.000000 10.000000 0.000000 0.000000 0.000000 0.000000 -10.167303
 720 4 0.000000 0.000000 -13.874963 10.000000 3.874963 0.000000 0.000000 0.000000 -13.874963
 740 17 0.000000 0.000000 -10.000000 10.000000 0.000000 0.000000 -0.000000 0.000000 -10.000000
 740 1 0.000000 0.000000 -10.000000 10.000000 0.000000 0.000000 -0.000000 0.000000 -10.000000
 740 14 63.135391 12.608479 0.522645 10.000000 0.000000 37.820693 2.090579 0.052264 0.470380
 740 13 63.138788 12.609836 0.523730 10.000000 0.000000 37.820693 2.094920 0.052373 0.471357
 740 6 0.000000 0.000000 -11.126179 10.000000 1.126179 0.000000 -0.000000 0.000000 -11.126179
 740 5 0.000000 0.000000 -10.000000 10.000000 0.000000 0.000000 -0.000000 0.000000 -10.000000
 740 12 28.480167 11.351514 0.490649 10.000000 0.000000 32.952813 1.962595 0.049065 0.441584
 740 11 0.000000 0.000000 -10.000000 10.000000 0.000000 0.000000 -0.000000 0.000000 -10.000000
 740 3 0.000000 0.000000 -10.000000 10.000000 0.000000 0.000000 -0.000000 0.000000 -10.000000
 740 18 0.000000 0.000000 -10.000000 10.000000 0.000000 0.000000 0.000000 0.000000 -10.000000
 740 9 15.726894 0.000000 -18.832353 10.000000 8.832353 0.000000 0.000000 0.000000 -23.532690
 740 10 0.000000 0.000000 -19.922259 10.000000 9.922259 0.000000 0.000000 0.000000 4.520314
 740 2 0.000000 0.000000 -10.000000 10.000000 0.000000 0.000000 0.000000 0.000000 -10.000000
 740 15 0.000000 0.000000 -21.148081 10.000000 11.148081 0.000000 0.000000 0.000000 -23.246777
 740 16 0.000000 0.000000 -17.005022 10.000000 7.005022 0.000000 0.000000 0.000000 -17.005022
 740 7 0.000000 0.000000 -10.000000 10.000000 0.000000 0.000000 0.000000 0.000000 -10.000000
 740 8 0.000000 0.000000 -10.000000 10.000000 0.000000 0.000000 0.000000 0.000000 -10.167303
 740 4 0.000000 0.000000 -13.874963 10.000000 3.874963 0.000000 0.000000 0.000000 -13.874963
 760 17 0.000000 0.000000 -10.000000 10.000000 0.000000 0.000000 -0.000000 0.000000 -10.000000
 760 1 0.000000 0.000000 -10.000000 10.000000 0.000000 0.000000 -0.000000 0.000000 -10.000000
 760 14 63.181966 12.627078 0.537524 10.000000 0.000000 37.820693 2.150096 0.053752 0.483772
 760 13 63.183667 12.627758 0.538067 10.000000 0.000000 37.820693 2.152270 0.053807 0.484261
 760 5 0.000000 0.000000 -10.000000 10.000000 0.000000 0.000000 -0.000000 0.000000 -10.000000
 760 6 0.000000 0.000000 -11.126179 10.000000 1.126179 0.000000 -0.000000 0.000000 -11.126179
 760 12 56.783639 11.354988 0.493428 10.000000 0.000000 32.952813 1.973711 0.049343 0.444085
 760 11 0.000000 0.000000 -10.000000 10.000000 0.000000 0.000000 -0.000000 0.000000 -10.000000
 760 3 0.000000 0.000000 -10.000000 10.000000 0.000000 0.000000 -0.000000 0.000000 -10.000000
 760 18 0.000000 0.000000 -10.000000 10.000000 0.000000 0.000000 0.000000 0.000000 -10.000000
 760 9 15.726894 0.000000 -18.832353 10.000000 8.832353 0.000000 0.000000 0.000000 -23.532690
 760 10 0.000000 0.000000 -19.922259 10.000000 9.922259 0.000000 0.000000 0.000000 4.520314
 760 2 0.000000 0.000000 -10.000000 10.000000 0.000000 0.000000 0.000000 0.000000 -10.000000
 760 15 0.000000 0.000000 -21.148081 10.000000 11.148081 0.000000 0.000000 0.000000 -23.246777
 760 16 0.000000 0.000000 -17.005022 10.000000 7.005022 0.000000 0.000000 0.000000 -17.005022
 760 7 0.000000 0.000000 -10.000000 10.000000 0.000000 0.000000 0.000000 0.000000 -10.000000
 760 8 0.000000 0.000000 -10.000000 10.000000 0.000000 0.000000 0.000000 0.000000 -10.167303
 760 4 0.000000 0.000000 -13.874963 10.000000 3.874963 0.000000 0.000000 0.000000 -13.874963
 780 17 0.000000 0.000000 -10.000000 10.000000 0.000000 0.000000 -0.000000 0.000000 -10.000000
 780 1 0.000000 0.000000 -10.000000 10.000000 0.000000 0.000000 -0.000000 0.000000 -10.000000
 780 14 63.205292 12.636393 0.544976 10.000000 0.000000 37.820693 2.179904 0.054498 0.490478
 780 13 63.206144 12.636733 0.545248 10.000000 0.000000 37.820693 2.180993 0.054525 0.490723
 780 6 0.000000 0.000000 -10.925225 10.000000 0.925225 0.000000 -0.000000 0.000000 -10.925225
 780 5 0.000000 0.000000 -10.000000 10.000000 0.000000 0.000000 -0.000000 0.000000 -10.000000
 780 12 25.476001 11.356728 0.494820 10.000000 0.000000 32.952813 1.979279 0.049482 0.445338
 780 11 0.000000 0.000000 -10.000000 10.000000 0.000000 0.000000 -0.000000 0.000000 -10.000000
 780 3 0.000000 0.000000 -10.000000 10.000000 0.000000 0.000000 -0.000000 0.000000 -10.000000
 780 18 0.000000 0.000000 -10.000000 10.000000 0.000000 0.000000 0.000000 0.000000 -10.000000
 780 9 15.726894 0.000000 -18.832353 10.000000 8.832353 0.000000 0.000000 0.000000 -23.532690
 780 10 0.000000 0.000000 -19.922259 10.000000 9.922259 0.000000 0.000000 0.000000 4.520314
 780 2 0.000000 0.000000 -10.000000 10.000000 0.000000 0.000000 0.000000 0.000000 -10.000000
 780 16 0.000000 0.000000 -17.005022 10.000000 7.005022 0.000000 0.000000 0.000000 -17.005022
 780 15 0.000000 0.000000 -21.148081 10.000000 11.148081 0.000000 0.000000 0.000000 -23.246777
 780 8 0.000000 0.000000 -10.000000 10.000000 0.000000 0.000000 0.000000 0.000000 -10.167303
 780 7 0.000000 0.000000 -10.000000 10.000000 0.000000 0.000000 0.000000 0.000000 -10.000000
 780 4 0.000000 0.000000 -13.874963 10.000000 3.874963 0.000000 0.000000 0.000000 -13.874963
 800 17 0.000000 0.000000 -10.000000 10.000000 0.000000 0.000000 -0.000000 0.000000 -10.000000
 800 1 0.000000 0.000000 -260.000000 10.000000 0.000000 250.000000 0.000000 0.000000 -260.000000
 800 14 63.216975 12.641058 0.548708 10.000000 0.000000 37.820693 2.194832 0.054871 0.493837
 800 13 63.217402 12.641229 0.548844 10.000000 0.000000 37.820693 2.195378 0.054884 0.493960
 800 5 0.000000 0.000000 -10.000000 10.000000 0.000000 0.000000 -0.000000 0.000000 -10.000000
 800 6 0.000000 0.000000 -10.419326 10.000000 0.419326 0.000000 -0.000000 0.000000 -10.419326
 800 12 56.790178 11.357599 0.495517 10.000000 0.000000 32.952813 1.982067 0.049552 0.445965
 800 11 0.000000 0.000000 -10.000000 10.000000 0.000000 0.000000 -0.000000 0.000000 -10.000000
 800 3 0.000000 0.000000 -10.000000 10.000000 0.000000 0.000000 -0.000000 0.000000 -10.000000
 800 9 15.726894 0.000000 -18.832353 10.000000 8.832353 0.000000 0.000000 0.000000 -23.532690
 800 10 0.000000 0.000000 -19.922259 10.000000 9.922259 0.000000 0.000000 0.000000 4.520314
 800 2 0.000000 0.000000 -10.000000 10.000000 0.000000 0.000000 0.000000 0.000000 -10.000000
 800 16 0.000000 0.000000 -17.005022 10.000000 7.005022 0.000000 0.000000 0.000000 -17.005022
 800 15 0.000000 0.000000 -21.148081 10.000000 11.148081 0.000000 0.000000 0.000000 -23.246777
 800 8 0.000000 0.000000 -10.000000 10.000000 0.000000 0.000000 0.000000 0.000000 -10.167303
 800 7 0.000000 0.000000 -10.000000 10.000000 0.000000 0.000000 0.000000 0.000000 -10.000000
 800 4 0.000000 0.000000 -13.874963 10.000000 3.874963 0.000000 0.000000 0.000000 -13.874963
 800 18 0.000000 0.000000 -10.000000 10.000000 0.000000 0.000000 0.000000 0.000000 -10.000000
 820 17 0.000000 0.000000 -10.000000 10.000000 0.000000 0.000000 0.000000 0.000000 -10.000000
 820 1 0.000000 0.000000 -260.000000 10.000000 0.000000 250.000000 0.000000 0.000000 -260.000000
 820 14 63.222826 12.643395 0.550577 10.000000 0.000000 37.820693 2.202309 0.055058 0.495520
 820 13 63.223040 12.643480 0.550646 10.000000 0.000000 37.820693 2.202582 0.055065 0.495581
 820 5 0.000000 0.000000 -10.000000 10.000000 0.000000 0.000000 -0.000000 0.000000 -10.000000
 820 12 56.791271 11.358036 0.495866 10.000000 0.000000 32.952813 1.983463 0.049587 0.446279
 820 11 0.000000 0.000000 -260.000000 10.000000 0.000000 250.000000 0.000000 0.000000 -260.000000
 820 3 0.000000 0.000000 -10.000000 10.000000 0.000000 0.000000 -0.000000 0.000000 -10.000000
 820 18 0.000000 0.000000 -10.000000 10.000000 0.000000 0.000000 0.000000 0.000000 -10.000000
 820 9 15.726894 0.000000 -18.832353 10.000000 8.832353 0.000000 0.000000 0.000000 -23.532690
 820 10 0.000000 0.000000 -19.922259 10.000000 9.922259 0.000000 0.000000 0.000000 4.520314
 820 2 0.000000 0.000000 -10.000000 10.000000 0.000000 0.000000 0.000000 0.000000 -10.000000
 820 16 0.000000 0.000000 -17.005022 10.000000 7.005022 0.000000 0.000000 0.000000 -17.005022
 820 15 0.000000 0.000000 -21.148081 10.000000 11.148081 0.000000 0.000000 0.000000 -23.246777
 820 8 0.000000 0.000000 -10.000000 10.000000 0.000000 0.000000 0.000000 0.000000 -10.167303
 820 7 0.000000 0.000000 -10.000000 10.000000 0.000000 0.000000 0.000000 0.000000 -10.000000
 820 6 0.000000 0.000000 -10.000000 10.000000 0.000000 0.000000 0.000000 0.000000 -10.419326
 820 4 0.000000 0.000000 -13.874963 10.000000 3.874963 0.000000 0.000000 0.000000 -13.874963
 840 1 0.000000 0.000000 -260.000000 10.000000 0.000000 250.000000 0.000000 0.000000 -260.000000
 840 14 63.225756 12.644565 0.551513 10.000000 0.000000 37.820693 2.206054 0.055151 0.496362
 840 13 63.225863 12.644608 0.551548 10.000000 0.000000 37.820693 2.206191 0.055155 0.496393
 840 5 0.000000 0.000000 -10.000000 10.000000 0.000000 0.000000 -0.000000 0.000000 -10.000000
 840 12 56.791818 11.358254 0.496041 10.000000 0.000000 32.952813 1.984163 0.049604 0.446437
 840 11 0.000000 0.000000 -260.000000 10.000000 0.000000 250.000000 0.000000 0.000000 -260.000000
 840 3 0.000000 0.000000 -10.000000 10.000000 0.000000 0.000000 -0.000000 0.000000 -10.000000
 840 17 0.000000 0.000000 -10.000000 10.000000 0.000000 0.000000 0.000000 0.000000 -10.000000
 840 18 0.000000 0.000000 -10.000000 10.000000 0.000000 0.000000 0.000000 0.000000 -10.000000
 840 9 15.726894 0.000000 -18.832353 10.000000 8.832353 0.000000 0.000000 0.000000 -23.532690
 840 10 0.000000 0.000000 -19.922259 10.000000 9.922259 0.000000 0.000000 0.000000 4.520314
 840 2 0.000000 0.000000 -10.000000 10.000000 0.000000 0.000000 0.000000 0.000000 -10.000000
 840 16 0.000000 0.000000 -17.005022 10.000000 7.005022 0.000000 0.000000 0.000000 -17.005022
 840 15 0.000000 0.000000 -21.148081 10.000000 11.148081 0.000000 0.000000 0.000000 -23.246777
 840 7 0.000000 0.000000 -10.000000 10.000000 0.000000 0.000000 0.000000 0.000000 -10.000000
 840 8 0.000000 0.000000 -10.000000 10.000000 0.000000 0.000000 0.000000 0.000000 -10.167303
 840 6 0.000000 0.000000 -10.000000 10.000000 0.000000 0.000000 0.000000 0.000000 -10.419326
 840 4 0.000000 0.000000 -13.874963 10.000000 3.874963 0.000000 0.000000 0.000000 -13.874963
 860 1 0.000000 0.000000 -260.000000 10.000000 0.000000 250.000000 0.000000 0.000000 -260.000000
 860 14 63.227224 12.645151 0.551982 10.000000 0.000000 37.820693 2.207929 0.055198 0.496784
 860 13 63.227277 12.645173 0.551999 10.000000 0.000000 37.820693 2.207998 0.055200 0.496800
 860 5 0.000000 0.000000 -10.000000 10.000000 0.000000 0.000000 -0.000000 0.000000 -10.000000
 860 12 56.792093 11.358364 0.496128 10.000000 0.000000 32.952813 1.984513 0.049613 0.446515
 860 11 0.000000 0.000000 -260.000000 10.000000 0.000000 250.000000 0.000000 0.000000 -260.000000
 860 3 0.000000 0.000000 -260.000000 10.000000 0.000000 250.000000 0.000000 0.000000 -260.000000
 860 17 0.000000 0.000000 -10.000000 10.000000 0.000000 0.000000 0.000000 0.000000 -10.000000
 860 18 0.000000 0.000000 -10.000000 10.000000 0.000000 0.000000 0.000000 0.000000 -10.000000
 860 9 15.726894 0.000000 -18.832353 10.000000 8.832353 0.000000 0.000000 0.000000 -23.532690
 860 10 0.000000 0.000000 -19.922259 10.000000 9.922259 0.000000 0.000000 0.000000 4.520314
 860 2 0.000000 0.000000 -10.000000 10.000000 0.000000 0.000000 0.000000 0.000000 -10.000000
 860 16 0.000000 0.000000 -17.005022 10.000000 7.005022 0.000000 0.000000 0.000000 -17.005022
 860 15 0.000000 0.000000 -21.148081 10.000000 11.148081 0.000000 0.000000 0.000000 -23.246777
 860 7 0.000000 0.000000 -10.000000 10.000000 0.000000 0.000000 0.000000 0.000000 -10.000000
 860 8 0.000000 0.000000 -10.000000 10.000000 0.000000 0.000000 0.000000 0.000000 -10.167303
 860 6 0.000000 0.000000 -10.000000 10.000000 0.000000 0.000000 0.000000 0.000000 -10.419326
 860 4 0.000000 0.000000 -13.874963 10.000000 3.874963 0.000000 0.000000 0.000000 -13.874963
 880 1 0.000000 0.000000 -260.000000 10.000000 0.000000 250.000000 0.000000 0.000000 -260.000000
 880 14 63.227959 12.645445 0.552217 10.000000 0.000000 37.820693 2.208869 0.055222 0.496995
 880 13 63.227986 12.645455 0.552226 10.000000 0.000000 37.820693 2.208903 0.055223 0.497003
 880 5 0.000000 0.000000 -260.000000 10.000000 0.000000 250.000000 0.000000 0.000000 -260.000000
 880 12 56.792230 11.358419 0.496172 10.000000 0.000000 32.952813 1.984689 0.049617 0.446555
 880 11 0.000000 0.000000 -260.000000 10.000000 0.000000 250.000000 0.000000 0.000000 -260.000000
 880 3 0.000000 0.000000 -260.000000 10.000000 0.000000 250.000000 0.000000 0.000000 -260.000000
 880 17 0.000000 0.000000 -10.000000 10.000000 0.000000 0.000000 0.000000 0.000000 -10.000000
 880 18 0.000000 0.000000 -10.000000 10.000000 0.000000 0.000000 0.000000 0.000000 -10.000000
 880 9 15.726894 0.000000 -18.832353 10.000000 8.832353 0.000000 0.000000 0.000000 -23.532690
 880 10 0.000000 0.000000 -19.922259 10.000000 9.922259 0.000000 0.000000 0.000000 4.520314
 880 2 0.000000 0.000000 -10.000000 10.000000 0.000000 0.000000 0.000000 0.000000 -10.000000
 880 16 0.000000 0.000000 -17.005022 10.000000 7.005022 0.000000 0.000000 0.000000 -17.005022
 880 15 0.000000 0.000000 -21.148081 10.000000 11.148081 0.000000 0.000000 0.000000 -23.246777
 880 7 0.000000 0.000000 -10.000000 10.000000 0.000000 0.000000 0.000000 0.000000 -10.000000
 880 8 0.000000 0.000000 -10.000000 10.000000 0.000000 0.000000 0.000000 0.000000 -10.167303
 880 6 0.000000 0.000000 -10.000000 10.000000 0.000000 0.000000 0.000000 0.000000 -10.419326
 880 4 0.000000 0.000000 -13.874963 10.000000 3.874963 0.000000 0.000000 0.000000 -13.874963
 900 1 0.000000 0.000000 -260.000000 10.000000 0.000000 250.000000 0.000000 0.000000 -260.000000
 900 14 63.228327 12.645592 0.552335 10.000000 0.000000 37.820693 2.209339 0.055233 0.497101
 900 13 63.228340 12.645597 0.552339 10.000000 0.000000 37.820693 2.209356 0.055234 0.497105
 900 5 0.000000 0.000000 -260.000000 10.000000 0.000000 250.000000 0.000000 0.000000 -260.000000
 900 12 56.792299 11.358446 0.496194 10.000000 0.000000 32.952813 1.984776 0.049619 0.446575
 900 11 0.000000 0.000000 -260.000000 10.000000 0.000000 250.000000 0.000000 0.000000 -260.000000
 900 3 0.000000 0.000000 -260.000000 10.000000 0.000000 250.000000 0.000000 0.000000 -260.000000
 900 17 0.000000 0.000000 -10.000000 10.000000 0.000000 0.000000 0.000000 0.000000 -10.000000
 900 18 0.000000 0.000000 -10.000000 10.000000 0.000000 0.000000 0.000000 0.000000 -10.000000
 900 9 15.726894 0.000000 -18.832353 10.000000 8.832353 0.000000 0.000000 0.000000 -23.532690
 900 10 0.000000 0.000000 -19.922259 10.000000 9.922259 0.000000 0.000000 0.000000 4.520314
 900 2 0.000000 0.000000 -10.000000 10.000000 0.000000 0.000000 0.000000 0.000000 -10.000000
 900 16 0.000000 0.000000 -17.005022 10.000000 7.005022 0.000000 0.000000 0.000000 -17.005022
 900 15 0.000000 0.000000 -21.148081 10.000000 11.148081 0.000000 0.000000 0.000000 -23.246777
 900 7 0.000000 0.000000 -10.000000 10.000000 0.000000 0.000000 0.000000 0.000000 -10.000000
 900 8 0.000000 0.000000 -10.000000 10.000000 0.000000 0.000000 0.000000 0.000000 -10.167303
 900 6 0.000000 0.000000 -10.000000 10.000000 0.000000 0.000000 0.000000 0.000000 -10.419326
 900 4 0.000000 0.000000 -13.874963 10.000000 3.874963 0.000000 0.000000 0.000000 -13.874963
 920 1 0.000000 0.000000 -260.000000 10.000000 0.000000 250.000000 0.000000 0.000000 -260.000000
 920 14 63.228511 12.645665 0.552394 10.000000 0.000000 37.820693 2.209575 0.055239 0.497154
 920 13 63.228518 12.645668 0.552396 10.000000 0.000000 37.820693 2.209583 0.055240 0.497156
 920 5 0.000000 0.000000 -260.000000 10.000000 0.000000 250.000000 0.000000 0.000000 -260.000000
 920 12 56.792333 11.358460 0.496205 10.000000 0.000000 32.952813 1.984820 0.049621 0.446585
 920 11 0.000000 0.000000 -260.000000 10.000000 0.000000 250.000000 0.000000 0.000000 -260.000000
 920 3 0.000000 0.000000 -260.000000 10.000000 0.000000 250.000000 0.000000 0.000000 -260.000000
 920 17 0.000000 0.000000 -10.000000 10.000000 0.000000 0.000000 0.000000 0.000000 -10.000000
 920 18 0.000000 0.000000 -10.000000 10.000000 0.000000 0.000000 0.000000 0.000000 -10.000000
 920 9 15.726894 0.000000 -18.832353 10.000000 8.832353 0.000000 0.000000 0.000000 -23.532690
 920 10 0.000000 0.000000 -19.922259 10.000000 9.922259 0.000000 0.000000 0.000000 4.520314
 920 2 0.000000 0.000000 -10.000000 10.000000 0.000000 0.000000 0.000000 0.000000 -10.000000
 920 16 0.000000 0.000000 -17.005022 10.000000 7.005022 0.000000 0.000000 0.000000 -17.005022
 920 15 0.000000 0.000000 -21.148081 10.000000 11.148081 0.000000 0.000000 0.000000 -23.246777
 920 7 0.000000 0.000000 -10.000000 10.000000 0.000000 0.000000 0.000000 0.000000 -10.000000
 920 8 0.000000 0.000000 -10.000000 10.000000 0.000000 0.000000 0.000000 0.000000 -10.167303
 920 6 0.000000 0.000000 -10.000000 10.000000 0.000000 0.000000 0.000000 0.000000 -10.419326
 920 4 0.000000 0.000000 -13.874963 10.000000 3.874963 0.000000 0.000000 0.000000 -13.874963
 940 1 0.000000 0.000000 -260.000000 10.000000 0.000000 250.000000 0.000000 0.000000 -260.000000
 940 14 63.228604 12.645702 0.552423 10.000000 0.000000 37.820693 2.209693 0.055242 0.497181
 940 13 63.228607 12.645704 0.552424 10.000000 0.000000 37.820693 2.209697 0.055242 0.497182
 940 5 0.000000 0.000000 -260.000000 10.000000 0.000000 250.000000 0.000000 0.000000 -260.000000
 940 12 56.792350 11.358467 0.496211 10.000000 0.000000 32.952813 1.984842 0.049621 0.446590
 940 11 0.000000 0.000000 -260.000000 10.000000 0.000000 250.000000 0.000000 0.000000 -260.000000
 940 3 0.000000 0.000000 -260.000000 10.000000 0.000000 250.000000 0.000000 0.000000 -260.000000
 940 18 0.000000 0.000000 -10.000000 10.000000 0.000000 0.000000 0.000000 0.000000 -10.000000
 940 9 15.726894 0.000000 -18.832353 10.000000 8.832353 0.000000 0.000000 0.000000 -23.532690
 940 10 0.000000 0.000000 -19.922259 10.000000 9.922259 0.000000 0.000000 0.000000 4.520314
 940 2 0.000000 0.000000 -10.000000 10.000000 0.000000 0.000000 0.000000 0.000000 -10.000000
 940 16 0.000000 0.000000 -17.005022 10.000000 7.005022 0.000000 0.000000 0.000000 -17.005022
 940 15 0.000000 0.000000 -21.148081 10.000000 11.148081 0.000000 0.000000 0.000000 -23.246777
 940 7 0.000000 0.000000 -10.000000 10.000000 0.000000 0.000000 0.000000 0.000000 -10.000000
 940 8 0.000000 0.000000 -10.000000 10.000000 0.000000 0.000000 0.000000 0.000000 -10.167303
 940 6 0.000000 0.000000 -10.000000 10.000000 0.000000 0.000000 0.000000 0.000000 -10.419326
 940 4 0.000000 0.000000 -13.874963 10.000000 3.874963 0.000000 0.000000 0.000000 -13.874963
 940 17 0.000000 0.000000 -10.000000 10.000000 0.000000 0.000000 0.000000 0.000000 -10.000000
 960 1 0.000000 0.000000 -260.000000 10.000000 0.000000 250.000000 0.000000 0.000000 -260.000000
 960 14 63.228650 12.645721 0.552438 10.000000 0.000000 37.820693 2.209752 0.055244 0.497194
 960 13 63.228652 12.645721 0.552438 10.000000 0.000000 37.820693 2.209754 0.055244 0.497195
 960 5 0.000000 0.000000 -260.000000 10.000000 0.000000 250.000000 0.000000 0.000000 -260.000000
 960 12 56.792359 11.358470 0.496213 10.000000 0.000000 32.952813 1.984853 0.049621 0.446592
 960 11 0.000000 0.000000 -260.000000 10.000000 0.000000 250.000000 0.000000 0.000000 -260.000000
 960 3 0.000000 0.000000 -260.000000 10.000000 0.000000 250.000000 0.000000 0.000000 -260.000000
 960 18 0.000000 0.000000 -10.000000 10.000000 0.000000 0.000000 0.000000 0.000000 -10.000000
 960 17 0.000000 0.000000 -10.000000 10.000000 0.000000 0.000000 0.000000 0.000000 -10.000000
 960 9 15.726894 0.000000 -18.832353 10.000000 8.832353 0.000000 0.000000 0.000000 -23.532690
 960 10 0.000000 0.000000 -19.922259 10.000000 9.922259 0.000000 0.000000 0.000000 4.520314
 960 2 0.000000 0.000000 -10.000000 10.000000 0.000000 0.000000 0.000000 0.000000 -10.000000
 960 16 0.000000 0.000000 -17.005022 10.000000 7.005022 0.000000 0.000000 0.000000 -17.005022
 960 15 0.000000 0.000000 -21.148081 10.000000 11.148081 0.000000 0.000000 0.000000 -23.246777
 960 7 0.000000 0.000000 -10.000000 10.000000 0.000000 0.000000 0.000000 0.000000 -10.000000
 960 8 0.000000 0.000000 -10.000000 10.000000 0.000000 0.000000 0.000000 0.000000 -10.167303
 960 6 0.000000 0.000000 -10.000000 10.000000 0.000000 0.000000 0.000000 0.000000 -10.419326
 960 4 0.000000 0.000000 -13.874963 10.000000 3.874963 0.000000 0.000000 0.000000 -13.874963
 980 1 0.000000 0.000000 -260.000000 10.000000 0.000000 250.000000 0.000000 0.000000 -260.000000
 980 14 63.228673 12.645730 0.552445 10.000000 0.000000 37.820693 2.209781 0.055245 0.497201
 980 13 63.228674 12.645730 0.552446 10.000000 0.000000 37.820693 2.209782 0.055245 0.497201
 980 5 0.000000 0.000000 -260.000000 10.000000 0.000000 250.000000 0.000000 0.000000 -260.000000
 980 12 56.792363 11.358472 0.496215 10.000000 0.000000 32.952813 1.984859 0.049621 0.446593
 980 11 0.000000 0.000000 -260.000000 10.000000 0.000000 250.000000 0.000000 0.000000 -260.000000
 980 3 0.000000 0.000000 -260.000000 10.000000 0.000000 250.000000 0.000000 0.000000 -260.000000
 980 18 0.000000 0.000000 -10.000000 10.000000 0.000000 0.000000 0.000000 0.000000 -10.000000
 980 17 0.000000 0.000000 -10.000000 10.000000 0.000000 0.000000 0.000000 0.000000 -10.000000
 980 9 15.726894 0.000000 -18.832353 10.000000 8.832353 0.000000 0.000000 0.000000 -23.532690
 980 10 0.000000 0.000000 -19.922259 10.000000 9.922259 0.000000 0.000000 0.000000 4.520314
 980 2 0.000000 0.000000 -10.000000 10.000000 0.000000 0.000000 0.000000 0.000000 -10.000000
 980 16 0.000000 0.000000 -17.005022 10.000000 7.005022 0.000000 0.000000 0.000000 -17.005022
 980 15 0.000000 0.000000 -21.148081 10.000000 11.148081 0.000000 0.000000 0.000000 -23.246777
 980 7 0.000000 0.000000 -10.000000 10.000000 0.000000 0.000000 0.000000 0.000000 -10.000000
 980 8 0.000000 0.000000 -10.000000 10.000000 0.000000 0.000000 0.000000 0.000000 -10.167303
 980 6 0.000000 0.000000 -10.000000 10.000000 0.000000 0.000000 0.000000 0.000000 -10.419326
 980 4 0.000000 0.000000 -13.874963 10.000000 3.874963 0.000000 0.000000 0.000000 -13.874963
 1000 1 0.000000 0.000000 -260.000000 10.000000 0.000000 250.000000 0.000000 0.000000 -260.000000
 1000 14 63.228685 12.645735 0.552449 10.000000 0.000000 37.820693 2.209796 0.055245 0.497204
 1000 13 63.228685 12.645735 0.552449 10.000000 0.000000 37.820693 2.209797 0.055245 0.497204
 1000 5 0.000000 0.000000 -260.000000 10.000000 0.000000 250.000000 0.000000 0.000000 -260.000000
 1000 12 56.792365 11.358473 0.496215 10.000000 0.000000 32.952813 1.984862 0.049622 0.446594
 1000 11 0.000000 0.000000 -260.000000 10.000000 0.000000 250.000000 0.000000 0.000000 -260.000000
 1000 3 0.000000 0.000000 -260.000000 10.000000 0.000000 250.000000 0.000000 0.000000 -260.000000
 1000 18 0.000000 0.000000 -10.000000 10.000000 0.000000 0.000000 0.000000 0.000000 -10.000000
 1000 17 0.000000 0.000000 -10.000000 10.000000 0.000000 0.000000 0.000000 0.000000 -10.000000
 1000 9 15.726894 0.000000 -18.832353 10.000000 8.832353 0.000000 0.000000 0.000000 -23.532690
 1000 10 0.000000 0.000000 -19.922259 10.000000 9.922259 0.000000 0.000000 0.000000 4.520314
 1000 2 0.000000 0.000000 -10.000000 10.000000 0.000000 0.000000 0.000000 0.000000 -10.000000
 1000 16 0.000000 0.000000 -17.005022 10.000000 7.005022 0.000000 0.000000 0.000000 -17.005022
 1000 15 0.000000 0.000000 -21.148081 10.000000 11.148081 0.000000 0.000000 0.000000 -23.246777
 1000 7 0.000000 0.000000 -10.000000 10.000000 0.000000 0.000000 0.000000 0.000000 -10.000000
 1000 8 0.000000 0.000000 -10.000000 10.000000 0.000000 0.000000 0.000000 0.000000 -10.167303
 1000 6 0.000000 0.000000 -10.000000 10.000000 0.000000 0.000000 0.000000 0.000000 -10.419326
 1000 4 0.000000 0.000000 -13.874963 10.000000 3.874963 0.000000 0.000000 0.000000 -13.874963
 1020 1 0.000000 0.000000 -260.000000 10.000000 0.000000 250.000000 0.000000 0.000000 -260.000000
 1020 14 63.228690 12.645737 0.552451 10.000000 0.000000 37.820693 2.209804 0.055245 0.497206
 1020 13 63.228691 12.645737 0.552451 10.000000 0.000000 37.820693 2.209804 0.055245 0.497206
 1020 5 0.000000 0.000000 -260.000000 10.000000 0.000000 250.000000 0.000000 0.000000 -260.000000
 1020 12 0.000000 11.358473 7.086778 10.000000 0.000000 0.000000 28.347114 0.708678 6.378101
 1020 11 0.000000 0.000000 -260.000000 10.000000 0.000000 250.000000 0.000000 0.000000 -260.000000
 1020 3 0.000000 0.000000 -260.000000 10.000000 0.000000 250.000000 0.000000 0.000000 -260.000000
 1020 18 0.000000 0.000000 -10.000000 10.000000 0.000000 0.000000 0.000000 0.000000 -10.000000
 1020 17 0.000000 0.000000 -10.000000 10.000000 0.000000 0.000000 0.000000 0.000000 -10.000000
 1020 9 15.726894 0.000000 -18.832353 10.000000 8.832353 0.000000 0.000000 0.000000 -23.532690
 1020 10 0.000000 0.000000 -19.922259 10.000000 9.922259 0.000000 0.000000 0.000000 4.520314
 1020 2 0.000000 0.000000 -10.000000 10.000000 0.000000 0.000000 0.000000 0.000000 -10.000000
 1020 16 0.000000 0.000000 -17.005022 10.000000 7.005022 0.000000 0.000000 0.000000 -17.005022
 1020 15 0.000000 0.000000 -21.148081 10.000000 11.148081 0.000000 0.000000 0.000000 -23.246777
 1020 7 0.000000 0.000000 -10.000000 10.000000 0.000000 0.000000 0.000000 0.000000 -10.000000
 1020 8 0.000000 0.000000 -10.000000 10.000000 0.000000 0.000000 0.000000 0.000000 -10.167303
 1020 6 0.000000 0.000000 -10.000000 10.000000 0.000000 0.000000 0.000000 0.000000 -10.419326
 1020 4 0.000000 0.000000 -13.874963 10.000000 3.874963 0.000000 0.000000 0.000000 -13.874963
 1040 1 0.000000 0.000000 -260.000000 10.000000 0.000000 250.000000 0.000000 0.000000 -260.000000
 1040 14 63.228693 12.645738 0.552452 10.000000 0.000000 37.820693 2.209807 0.055245 0.497207
 1040 13 63.228693 12.645738 0.552452 10.000000 0.000000 37.820693 2.209807 0.055245 0.497207
 1040 5 0.000000 0.000000 -260.000000 10.000000 0.000000 250.000000 0.000000 0.000000 -260.000000
 1040 12 0.000000 0.000000 -10.000000 10.000000 0.000000 0.000000 -0.000000 0.000000 -10.000000
 1040 11 0.000000 0.000000 -260.000000 10.000000 0.000000 250.000000 0.000000 0.000000 -260.000000
 1040 3 0.000000 0.000000 -260.000000 10.000000 0.000000 250.000000 0.000000 0.000000 -260.000000
 1040 18 0.000000 0.000000 -10.000000 10.000000 0.000000 0.000000 0.000000 0.000000 -10.000000
 1040 17 0.000000 0.000000 -10.000000 10.000000 0.000000 0.000000 0.000000 0.000000 -10.000000
 1040 9 15.726894 0.000000 -18.832353 10.000000 8.832353 0.000000 0.000000 0.000000 -23.532690
 1040 10 0.000000 0.000000 -19.922259 10.000000 9.922259 0.000000 0.000000 0.000000 4.520314
 1040 2 0.000000 0.000000 -10.000000 10.000000 0.000000 0.000000 0.000000 0.000000 -10.000000
 1040 16 0.000000 0.000000 -17.005022 10.000000 7.005022 0.000000 0.000000 0.000000 -17.005022
 1040 15 0.000000 0.000000 -21.148081 10.000000 11.148081 0.000000 0.000000 0.000000 -23.246777
 1040 7 0.000000 0.000000 -10.000000 10.000000 0.000000 0.000000 0.000000 0.000000 -10.000000
 1040 8 0.000000 0.000000 -10.000000 10.000000 0.000000 0.000000 0.000000 0.000000 -10.167303
 1040 6 0.000000 0.000000 -10.000000 10.000000 0.000000 0.000000 0.000000 0.000000 -10.419326
 1040 4 0.000000 0.000000 -13.874963 10.000000 3.874963 0.000000 0.000000 0.000000 -13.874963
 1060 1 0.000000 0.000000 -260.000000 10.000000 0.000000 250.000000 0.000000 0.000000 -260.000000
 1060 13 0.000000 12.645739 8.116591 10.000000 0.000000 0.000000 32.466364 0.811659 7.304932
 1060 14 0.000000 12.645739 8.116591 10.000000 0.000000 0.000000 32.466364 0.811659 7.304932
 1060 12 0.000000 0.000000 -10.000000 10.000000 0.000000 0.000000 -0.000000 0.000000 -10.000000
 1060 11 0.000000 0.000000 -260.000000 10.000000 0.000000 250.000000 0.000000 0.000000 -260.000000
 1060 3 0.000000 0.000000 -260.000000 10.000000 0.000000 250.000000 0.000000 0.000000 -260.000000
 1060 18 0.000000 0.000000 -10.000000 10.000000 0.000000 0.000000 0.000000 0.000000 -10.000000
 1060 17 0.000000 0.000000 -10.000000 10.000000 0.000000 0.000000 0.000000 0.000000 -10.000000
 1060 9 15.726894 0.000000 -18.832353 10.000000 8.832353 0.000000 0.000000 0.000000 -23.532690
 1060 10 0.000000 0.000000 -19.922259 10.000000 9.922259 0.000000 0.000000 0.000000 4.520314
 1060 2 0.000000 0.000000 -10.000000 10.000000 0.000000 0.000000 0.000000 0.000000 -10.000000
 1060 16 0.000000 0.000000 -17.005022 10.000000 7.005022 0.000000 0.000000 0.000000 -17.005022
 1060 15 0.000000 0.000000 -21.148081 10.000000 11.148081 0.000000 0.000000 0.000000 -23.246777
 1060 7 0.000000 0.000000 -10.000000 10.000000 0.000000 0.000000 0.000000 0.000000 -10.000000
 1060 8 0.000000 0.000000 -10.000000 10.000000 0.000000 0.000000 0.000000 0.000000 -10.167303
 1060 5 0.000000 0.000000 -260.000000 10.000000 0.000000 250.000000 0.000000 0.000000 -260.000000
 1060 6 0.000000 0.000000 -10.000000 10.000000 0.000000 0.000000 0.000000 0.000000 -10.419326
 1060 4 0.000000 0.000000 -13.874963 10.000000 3.874963 0.000000 0.000000 0.000000 -13.874963
 1080 1 0.000000 0.000000 -260.000000 10.000000 0.000000 250.000000 0.000000 0.000000 -260.000000
 1080 14 0.000000 0.000000 -10.000000 10.000000 0.000000 0.000000 -0.000000 0.000000 -10.000000
 1080 13 0.000000 0.000000 -10.000000 10.000000 0.000000 0.000000 -0.000000 0.000000 -10.000000
 1080 12 0.000000 0.000000 -10.000000 10.000000 0.000000 0.000000 -0.000000 0.000000 -10.000000
 1080 11 0.000000 0.000000 -260.000000 10.000000 0.000000 250.000000 0.000000 0.000000 -260.000000
 1080 3 0.000000 0.000000 -260.000000 10.000000 0.000000 250.000000 0.000000 0.000000 -260.000000
 1080 18 0.000000 0.000000 -10.000000 10.000000 0.000000 0.000000 0.000000 0.000000 -10.000000
 1080 17 0.000000 0.000000 -10.000000 10.000000 0.000000 0.000000 0.000000 0.000000 -10.000000
 1080 9 15.726894 0.000000 -18.832353 10.000000 8.832353 0.000000 0.000000 0.000000 -23.532690
 1080 10 0.000000 0.000000 -19.922259 10.000000 9.922259 0.000000 0.000000 0.000000 4.520314
 1080 2 0.000000 0.000000 -10.000000 10.000000 0.000000 0.000000 0.000000 0.000000 -10.000000
 1080 16 0.000000 0.000000 -17.005022 10.000000 7.005022 0.000000 0.000000 0.000000 -17.005022
 1080 15 0.000000 0.000000 -21.148081 10.000000 11.148081 0.000000 0.000000 0.000000 -23.246777
 1080 7 0.000000 0.000000 -10.000000 10.000000 0.000000 0.000000 0.000000 0.000000 -10.000000
 1080 8 0.000000 0.000000 -10.000000 10.000000 0.000000 0.000000 0.000000 0.000000 -10.167303
 1080 5 0.000000 0.000000 -260.000000 10.000000 0.000000 250.000000 0.000000 0.000000 -260.000000
 1080 6 0.000000 0.000000 -10.000000 10.000000 0.000000 0.000000 0.000000 0.000000 -10.419326
 1080 4 0.000000 0.000000 -13.874963 10.000000 3.874963 0.000000 0.000000 0.000000 -13.874963
 1100 1 0.000000 0.000000 -260.000000 10.000000 0.000000 250.000000 0.000000 0.000000 -260.000000
 1100 13 0.000000 0.000000 -10.000000 10.000000 0.000000 0.000000 -0.000000 0.000000 -10.000000
 1100 14 0.000000 0.000000 -10.000000 10.000000 0.000000 0.000000 -0.000000 0.000000 -10.000000
 1100 12 0.000000 0.000000 -10.000000 10.000000 0.000000 0.000000 -0.000000 0.000000 -10.000000
 1100 11 0.000000 0.000000 -260.000000 10.000000 0.000000 250.000000 0.000000 0.000000 -260.000000
 1100 3 0.000000 0.000000 -260.000000 10.000000 0.000000 250.000000 0.000000 0.000000 -260.000000
 1100 18 0.000000 0.000000 -10.000000 10.000000 0.000000 0.000000 0.000000 0.000000 -10.000000
 1100 17 0.000000 0.000000 -10.000000 10.000000 0.000000 0.000000 0.000000 0.000000 -10.000000
 1100 9 15.726894 0.000000 -18.832353 10.000000 8.832353 0.000000 0.000000 0.000000 -23.532690
 1100 10 0.000000 0.000000 -19.922259 10.000000 9.922259 0.000000 0.000000 0.000000 4.520314
 1100 2 0.000000 0.000000 -10.000000 10.000000 0.000000 0.000000 0.000000 0.000000 -10.000000
 1100 16 0.000000 0.000000 -17.005022 10.000000 7.005022 0.000000 0.000000 0.000000 -17.005022
 1100 15 0.000000 0.000000 -21.148081 10.000000 11.148081 0.000000 0.000000 0.000000 -23.246777
 1100 7 0.000000 0.000000 -10.000000 10.000000 0.000000 0.000000 0.000000 0.000000 -10.000000
 1100 8 0.000000 0.000000 -10.000000 10.000000 0.000000 0.000000 0.000000 0.000000 -10.167303
 1100 5 0.000000 0.000000 -260.000000 10.000000 0.000000 250.000000 0.000000 0.000000 -260.000000
 1100 6 0.000000 0.000000 -10.000000 10.000000 0.000000 0.000000 0.000000 0.000000 -10.419326
 1100 4 0.000000 0.000000 -13.874963 10.000000 3.874963 0.000000 0.000000 0.000000 -13.874963
 1120 1 0.000000 0.000000 -260.000000 10.000000 0.000000 250.000000 0.000000 0.000000 -260.000000
 1120 14 0.000000 0.000000 -10.000000 10.000000 0.000000 0.000000 -0.000000 0.000000 -10.000000
 1120 13 0.000000 0.000000 -10.000000 10.000000 0.000000 0.000000 -0.000000 0.000000 -10.000000
 1120 12 0.000000 0.000000 -10.000000 10.000000 0.000000 0.000000 -0.000000 0.000000 -10.000000
 1120 11 0.000000 0.000000 -260.000000 10.000000 0.000000 250.000000 0.000000 0.000000 -260.000000
 1120 3 0.000000 0.000000 -260.000000 10.000000 0.000000 250.000000 0.000000 0.000000 -260.000000
 1120 18 0.000000 0.000000 -10.000000 10.000000 0.000000 0.000000 0.000000 0.000000 -10.000000
 1120 17 0.000000 0.000000 -10.000000 10.000000 0.000000 0.000000 0.000000 0.000000 -10.000000
 1120 9 15.726894 0.000000 -18.832353 10.000000 8.832353 0.000000 0.000000 0.000000 -23.532690
 1120 10 0.000000 0.000000 -19.922259 10.000000 9.922259 0.000000 0.000000 0.000000 4.520314
 1120 2 0.000000 0.000000 -10.000000 10.000000 0.000000 0.000000 0.000000 0.000000 -10.000000
 1120 16 0.000000 0.000000 -17.005022 10.000000 7.005022 0.000000 0.000000 0.000000 -17.005022
 1120 15 0.000000 0.000000 -21.148081 10.000000 11.148081 0.000000 0.000000 0.000000 -23.246777
 1120 7 0.000000 0.000000 -10.000000 10.000000 0.000000 0.000000 0.000000 0.000000 -10.000000
 1120 8 0.000000 0.000000 -10.000000 10.000000 0.000000 0.000000 0.000000 0.000000 -10.167303
 1120 5 0.000000 0.000000 -260.000000 10.000000 0.000000 250.000000 0.000000 0.000000 -260.000000
 1120 6 0.000000 0.000000 -10.000000 10.000000 0.000000 0.000000 0.000000 0.000000 -10.419326
 1120 4 0.000000 0.000000 -13.874963 10.000000 3.874963 0.000000 0.000000 0.000000 -13.874963
 1140 1 0.000000 0.000000 -260.000000 10.000000 0.000000 250.000000 0.000000 0.000000 -260.000000
 1140 13 0.000000 0.000000 -10.000000 10.000000 0.000000 0.000000 -0.000000 0.000000 -10.000000
 1140 14 0.000000 0.000000 -10.000000 10.000000 0.000000 0.000000 -0.000000 0.000000 -10.000000
 1140 12 0.000000 0.000000 -10.000000 10.000000 0.000000 0.000000 -0.000000 0.000000 -10.000000
 1140 11 0.000000 0.000000 -260.000000 10.000000 0.000000 250.000000 0.000000 0.000000 -260.000000
 1140 3 0.000000 0.000000 -260.000000 10.000000 0.000000 250.000000 0.000000 0.000000 -260.000000
 1140 18 0.000000 0.000000 -10.000000 10.000000 0.000000 0.000000 0.000000 0.000000 -10.000000
 1140 17 0.000000 0.000000 -10.000000 10.000000 0.000000 0.000000 0.000000 0.000000 -10.000000
 1140 9 15.726894 0.000000 -18.832353 10.000000 8.832353 0.000000 0.000000 0.000000 -23.532690
 1140 10 0.000000 0.000000 -19.922259 10.000000 9.922259 0.000000 0.000000 0.000000 4.520314
 1140 2 0.000000 0.000000 -10.000000 10.000000 0.000000 0.000000 0.000000 0.000000 -10.000000
 1140 16 0.000000 0.000000 -17.005022 10.000000 7.005022 0.000000 0.000000 0.000000 -17.005022
 1140 15 0.000000 0.000000 -21.148081 10.000000 11.148081 0.000000 0.000000 0.000000 -23.246777
 1140 7 0.000000 0.000000 -10.000000 10.000000 0.000000 0.000000 0.000000 0.000000 -10.000000
 1140 8 0.000000 0.000000 -10.000000 10.000000 0.000000 0.000000 0.000000 0.000000 -10.167303
 1140 5 0.000000 0.000000 -260.000000 10.000000 0.000000 250.000000 0.000000 0.000000 -260.000000
 1140 6 0.000000 0.000000 -10.000000 10.000000 0.000000 0.000000 0.000000 0.000000 -10.419326
 1140 4 0.000000 0.000000 -13.874963 10.000000 3.874963 0.000000 0.000000 0.000000 -13.874963
 1160 1 0.000000 0.000000 -260.000000 10.000000 0.000000 250.000000 0.000000 0.000000 -260.000000
 1160 14 0.000000 0.000000 -10.000000 10.000000 0.000000 0.000000 -0.000000 0.000000 -10.000000
 1160 13 0.000000 0.000000 -10.000000 10.000000 0.000000 0.000000 -0.000000 0.000000 -10.000000
 1160 12 0.000000 0.000000 -10.000000 10.000000 0.000000 0.000000 -0.000000 0.000000 -10.000000
 1160 11 0.000000 0.000000 -260.000000 10.000000 0.000000 250.000000 0.000000 0.000000 -260.000000
 1160 3 0.000000 0.000000 -260.000000 10.000000 0.000000 250.000000 0.000000 0.000000 -260.000000
 1160 18 0.000000 0.000000 -10.000000 10.000000 0.000000 0.000000 0.000000 0.000000 -10.000000
 1160 17 0.000000 0.000000 -10.000000 10.000000 0.000000 0.000000 0.000000 0.000000 -10.000000
 1160 9 15.726894 0.000000 -18.832353 10.000000 8.832353 0.000000 0.000000 0.000000 -23.532690
 1160 10 0.000000 0.000000 -19.922259 10.000000 9.922259 0.000000 0.000000 0.000000 4.520314
 1160 2 0.000000 0.000000 -10.000000 10.000000 0.000000 0.000000 0.000000 0.000000 -10.000000
 1160 16 0.000000 0.000000 -17.005022 10.000000 7.005022 0.000000 0.000000 0.000000 -17.005022
 1160 15 0.000000 0.000000 -21.148081 10.000000 11.148081 0.000000 0.000000 0.000000 -23.246777
 1160 7 0.000000 0.000000 -10.000000 10.000000 0.000000 0.000000 0.000000 0.000000 -10.000000
 1160 8 0.000000 0.000000 -10.000000 10.000000 0.000000 0.000000 0.000000 0.000000 -10.167303
 1160 5 0.000000 0.000000 -260.000000 10.000000 0.000000 250.000000 0.000000 0.000000 -260.000000
 1160 6 0.000000 0.000000 -10.000000 10.000000 0.000000 0.000000 0.000000 0.000000 -10.419326
 1160 4 0.000000 0.000000 -13.874963 10.000000 3.874963 0.000000 0.000000 0.000000 -13.874963