DAY ID TOTAL_ASSETS CURRENT_ASSETS NON_CURRENT_ASSETS PAYMENT_ACCOUNT TOTAL_LIABILITIES CURRENT_LIABILITIES NON_CURRENT_LIABILITIES WEALTH number_of_assets
 1 21 78.055556 68.055556 0.000000 10.000000 0.000000 0.000000 0.000000 78.055556 4.000000
 1 22 78.055556 68.055556 0.000000 10.000000 0.000000 0.000000 0.000000 78.055556 4.000000
 1 23 78.055556 68.055556 0.000000 10.000000 0.000000 0.000000 0.000000 78.055556 4.000000
 1 24 78.055556 68.055556 0.000000 10.000000 0.000000 0.000000 0.000000 78.055556 4.000000
 1 25 78.055556 68.055556 0.000000 10.000000 0.000000 0.000000 0.000000 78.055556 4.000000
 1 26 78.055556 68.055556 0.000000 10.000000 0.000000 0.000000 0.000000 78.055556 4.000000
 1 27 78.055556 68.055556 0.000000 10.000000 0.000000 0.000000 0.000000 78.055556 4.000000
 1 28 78.055556 68.055556 0.000000 10.000000 0.000000 0.000000 0.000000 78.055556 4.000000
 1 29 78.055556 68.055556 0.000000 10.000000 0.000000 0.000000 0.000000 78.055556 4.000000
 1 30 78.055556 68.055556 0.000000 10.000000 0.000000 0.000000 0.000000 78.055556 4.000000
 1 31 78.055556 68.055556 0.000000 10.000000 0.000000 0.000000 0.000000 78.055556 4.000000
 1 32 78.055556 68.055556 0.000000 10.000000 0.000000 0.000000 0.000000 78.055556 4.000000
 1 33 78.055556 68.055556 0.000000 10.000000 0.000000 0.000000 0.000000 78.055556 4.000000
 1 34 78.055556 68.055556 0.000000 10.000000 0.000000 0.000000 0.000000 78.055556 4.000000
 1 35 78.055556 68.055556 0.000000 10.000000 0.000000 0.000000 0.000000 78.055556 4.000000
 1 36 78.055556 68.055556 0.000000 10.000000 0.000000 0.000000 0.000000 78.055556 4.000000
 1 37 78.055556 68.055556 0.000000 10.000000 0.000000 0.000000 0.000000 78.055556 4.000000
 1 38 78.055556 68.055556 0.000000 10.000000 0.000000 0.000000 0.000000 78.055556 4.000000
 1 39 78.055556 68.055556 0.000000 10.000000 0.000000 0.000000 0.000000 78.055556 4.000000
 1 40 78.055556 68.055556 0.000000 10.000000 0.000000 0.000000 0.000000 78.055556 4.000000
 1 41 78.055556 68.055556 0.000000 10.000000 0.000000 0.000000 0.000000 78.055556 4.000000
 1 42 78.055556 68.055556 0.000000 10.000000 0.000000 0.000000 0.000000 78.055556 4.000000
 1 43 78.055556 68.055556 0.000000 10.000000 0.000000 0.000000 0.000000 78.055556 4.000000
 1 44 78.055556 68.055556 0.000000 10.000000 0.000000 0.000000 0.000000 78.055556 4.000000
 1 45 78.055556 68.055556 0.000000 10.000000 0.000000 0.000000 0.000000 78.055556 4.000000
 1 46 78.055556 68.055556 0.000000 10.000000 0.000000 0.000000 0.000000 78.055556 4.000000
 1 47 78.055556 68.055556 0.000000 10.000000 0.000000 0.000000 0.000000 78.055556 4.000000
 1 48 78.055556 68.055556 0.000000 10.000000 0.000000 0.000000 0.000000 78.055556 4.000000
 1 49 78.055556 68.055556 0.000000 10.000000 0.000000 0.000000 0.000000 78.055556 4.000000
 1 50 78.055556 68.055556 0.000000 10.000000 0.000000 0.000000 0.000000 78.055556 4.000000
 1 51 78.055556 68.055556 0.000000 10.000000 0.000000 0.000000 0.000000 78.055556 4.000000
 1 52 78.055556 68.055556 0.000000 10.000000 0.000000 0.000000 0.000000 78.055556 4.000000
 1 53 78.055556 68.055556 0.000000 10.000000 0.000000 0.000000 0.000000 78.055556 4.000000
 1 54 78.055556 68.055556 0.000000 10.000000 0.000000 0.000000 0.000000 78.055556 4.000000
 1 55 78.055556 68.055556 0.000000 10.000000 0.000000 0.000000 0.000000 78.055556 4.000000
 1 56 78.055556 68.055556 0.000000 10.000000 0.000000 0.000000 0.000000 78.055556 4.000000
 1 57 78.055556 68.055556 0.000000 10.000000 0.000000 0.000000 0.000000 78.055556 4.000000
 1 58 78.055556 68.055556 0.000000 10.000000 0.000000 0.000000 0.000000 78.055556 4.000000
 1 59 78.055556 68.055556 0.000000 10.000000 0.000000 0.000000 0.000000 78.055556 4.000000
 1 60 78.055556 68.055556 0.000000 10.000000 0.000000 0.000000 0.000000 78.055556 4.000000
 1 61 78.055556 68.055556 0.000000 10.000000 0.000000 0.000000 0.000000 78.055556 4.000000
 1 62 78.055556 68.055556 0.000000 10.000000 0.000000 0.000000 0.000000 78.055556 4.000000
 1 63 78.055556 68.055556 0.000000 10.000000 0.000000 0.000000 0.000000 78.055556 4.000000
 1 64 78.055556 68.055556 0.000000 10.000000 0.000000 0.000000 0.000000 78.055556 4.000000
 1 65 78.055556 68.055556 0.000000 10.000000 0.000000 0.000000 0.000000 78.055556 4.000000
 1 66 78.055556 68.055556 0.000000 10.000000 0.000000 0.000000 0.000000 78.055556 4.000000
 1 67 78.055556 68.055556 0.000000 10.000000 0.000000 0.000000 0.000000 78.055556 4.000000
 1 68 78.055556 68.055556 0.000000 10.000000 0.000000 0.000000 0.000000 78.055556 4.000000
 1 69 78.055556 68.055556 0.000000 10.000000 0.000000 0.000000 0.000000 78.055556 4.000000
 1 70 78.055556 68.055556 0.000000 10.000000 0.000000 0.000000 0.000000 78.055556 4.000000
 1 71 78.055556 68.055556 0.000000 10.000000 0.000000 0.000000 0.000000 78.055556 4.000000
 1 72 78.055556 68.055556 0.000000 10.000000 0.000000 0.000000 0.000000 78.055556 4.000000
 1 73 78.055556 68.055556 0.000000 10.000000 0.000000 0.000000 0.000000 78.055556 4.000000
 1 74 78.055556 68.055556 0.000000 10.000000 0.000000 0.000000 0.000000 78.055556 4.000000
 1 75 78.055556 68.055556 0.000000 10.000000 0.000000 0.000000 0.000000 78.055556 4.000000
 1 76 78.055556 68.055556 0.000000 10.000000 0.000000 0.000000 0.000000 78.055556 4.000000
 1 77 78.055556 68.055556 0.000000 10.000000 0.000000 0.000000 0.000000 78.055556 4.000000
 1 78 78.055556 68.055556 0.000000 10.000000 0.000000 0.000000 0.000000 78.055556 4.000000
 1 79 78.055556 68.055556 0.000000 10.000000 0.000000 0.000000 0.000000 78.055556 4.000000
 1 80 78.055556 68.055556 0.000000 10.000000 0.000000 0.000000 0.000000 78.055556 4.000000
 1 81 78.055556 68.055556 0.000000 10.000000 0.000000 0.000000 0.000000 78.055556 4.000000
 1 82 78.055556 68.055556 0.000000 10.000000 0.000000 0.000000 0.000000 78.055556 4.000000
 1 83 78.055556 68.055556 0.000000 10.000000 0.000000 0.000000 0.000000 78.055556 4.000000
 1 84 78.055556 68.055556 0.000000 10.000000 0.000000 0.000000 0.000000 78.055556 4.000000
 1 85 78.055556 68.055556 0.000000 10.000000 0.000000 0.000000 0.000000 78.055556 4.000000
 1 86 78.055556 68.055556 0.000000 10.000000 0.000000 0.000000 0.000000 78.055556 4.000000
 1 87 78.055556 68.055556 0.000000 10.000000 0.000000 0.000000 0.000000 78.055556 4.000000
 1 88 78.055556 68.055556 0.000000 10.000000 0.000000 0.000000 0.000000 78.055556 4.000000
 1 89 78.055556 68.055556 0.000000 10.000000 0.000000 0.000000 0.000000 78.055556 4.000000
 1 90 78.055556 68.055556 0.000000 10.000000 0.000000 0.000000 0.000000 78.055556 4.000000
 1 91 78.055556 68.055556 0.000000 10.000000 0.000000 0.000000 0.000000 78.055556 4.000000
 1 92 78.055556 68.055556 0.000000 10.000000 0.000000 0.000000 0.000000 78.055556 4.000000
 1 93 78.055556 68.055556 0.000000 10.000000 0.000000 0.000000 0.000000 78.055556 4.000000
 1 94 78.055556 68.055556 0.000000 10.000000 0.000000 0.000000 0.000000 78.055556 4.000000
 1 95 78.055556 68.055556 0.000000 10.000000 0.000000 0.000000 0.000000 78.055556 4.000000
 1 96 78.055556 68.055556 0.000000 10.000000 0.000000 0.000000 0.000000 78.055556 4.000000
 1 97 78.055556 68.055556 0.000000 10.000000 0.000000 0.000000 0.000000 78.055556 4.000000
 1 98 78.055556 68.055556 0.000000 10.000000 0.000000 0.000000 0.000000 78.055556 4.000000
 1 99 78.055556 68.055556 0.000000 10.000000 0.000000 0.000000 0.000000 78.055556 4.000000
 1 100 78.055556 68.055556 0.000000 10.000000 0.000000 0.000000 0.000000 78.055556 4.000000
 1 101 78.055556 68.055556 0.000000 10.000000 0.000000 0.000000 0.000000 78.055556 4.000000
 1 102 78.055556 68.055556 0.000000 10.000000 0.000000 0.000000 0.000000 78.055556 4.000000
 1 103 78.055556 68.055556 0.000000 10.000000 0.000000 0.000000 0.000000 78.055556 4.000000
 1 104 78.055556 68.055556 0.000000 10.000000 0.000000 0.000000 0.000000 78.055556 4.000000
 1 105 78.055556 68.055556 0.000000 10.000000 0.000000 0.000000 0.000000 78.055556 4.000000
 1 106 78.055556 68.055556 0.000000 10.000000 0.000000 0.000000 0.000000 78.055556 4.000000
 1 107 78.055556 68.055556 0.000000 10.000000 0.000000 0.000000 0.000000 78.055556 4.000000
 1 108 78.055556 68.055556 0.000000 10.000000 0.000000 0.000000 0.000000 78.055556 4.000000
 1 109 78.055556 68.055556 0.000000 10.000000 0.000000 0.000000 0.000000 78.055556 4.000000
 1 110 78.055556 68.055556 0.000000 10.000000 0.000000 0.000000 0.000000 78.055556 4.000000
 1 111 78.055556 68.055556 0.000000 10.000000 0.000000 0.000000 0.000000 78.055556 4.000000
 1 112 78.055556 68.055556 0.000000 10.000000 0.000000 0.000000 0.000000 78.055556 4.000000
 1 113 78.055556 68.055556 0.000000 10.000000 0.000000 0.000000 0.000000 78.055556 4.000000
 1 114 78.055556 68.055556 0.000000 10.000000 0.000000 0.000000 0.000000 78.055556 4.000000
 1 115 78.055556 68.055556 0.000000 10.000000 0.000000 0.000000 0.000000 78.055556 4.000000
 1 116 78.055556 68.055556 0.000000 10.000000 0.000000 0.000000 0.000000 78.055556 4.000000
 1 117 78.055556 68.055556 0.000000 10.000000 0.000000 0.000000 0.000000 78.055556 4.000000
 1 118 78.055556 68.055556 0.000000 10.000000 0.000000 0.000000 0.000000 78.055556 4.000000
 1 119 78.055556 68.055556 0.000000 10.000000 0.000000 0.000000 0.000000 78.055556 4.000000
 1 120 78.055556 68.055556 0.000000 10.000000 0.000000 0.000000 0.000000 78.055556 4.000000
 1 121 51.666667 41.666667 0.000000 10.000000 0.000000 0.000000 0.000000 51.666667 4.000000
 1 122 51.666667 41.666667 0.000000 10.000000 0.000000 0.000000 0.000000 51.666667 4.000000
 1 123 51.666667 41.666667 0.000000 10.000000 0.000000 0.000000 0.000000 51.666667 4.000000
 1 124 51.666667 41.666667 0.000000 10.000000 0.000000 0.000000 0.000000 51.666667 4.000000
 1 125 51.666667 41.666667 0.000000 10.000000 0.000000 0.000000 0.000000 51.666667 4.000000
 1 126 51.666667 41.666667 0.000000 10.000000 0.000000 0.000000 0.000000 51.666667 4.000000
 1 127 51.666667 41.666667 0.000000 10.000000 0.000000 0.000000 0.000000 51.666667 4.000000
 1 128 51.666667 41.666667 0.000000 10.000000 0.000000 0.000000 0.000000 51.666667 4.000000
 1 129 51.666667 41.666667 0.000000 10.000000 0.000000 0.000000 0.000000 51.666667 4.000000
 1 130 51.666667 41.666667 0.000000 10.000000 0.000000 0.000000 0.000000 51.666667 4.000000
 1 131 51.666667 41.666667 0.000000 10.000000 0.000000 0.000000 0.000000 51.666667 4.000000
 1 132 51.666667 41.666667 0.000000 10.000000 0.000000 0.000000 0.000000 51.666667 4.000000
 1 133 51.666667 41.666667 0.000000 10.000000 0.000000 0.000000 0.000000 51.666667 4.000000
 1 134 51.666667 41.666667 0.000000 10.000000 0.000000 0.000000 0.000000 51.666667 4.000000
 1 135 51.666667 41.666667 0.000000 10.000000 0.000000 0.000000 0.000000 51.666667 4.000000
 1 136 51.666667 41.666667 0.000000 10.000000 0.000000 0.000000 0.000000 51.666667 4.000000
 1 137 51.666667 41.666667 0.000000 10.000000 0.000000 0.000000 0.000000 51.666667 4.000000
 1 138 51.666667 41.666667 0.000000 10.000000 0.000000 0.000000 0.000000 51.666667 4.000000
 1 139 51.666667 41.666667 0.000000 10.000000 0.000000 0.000000 0.000000 51.666667 4.000000
 1 140 51.666667 41.666667 0.000000 10.000000 0.000000 0.000000 0.000000 51.666667 4.000000
 1 141 51.666667 41.666667 0.000000 10.000000 0.000000 0.000000 0.000000 51.666667 4.000000
 1 142 51.666667 41.666667 0.000000 10.000000 0.000000 0.000000 0.000000 51.666667 4.000000
 1 143 51.666667 41.666667 0.000000 10.000000 0.000000 0.000000 0.000000 51.666667 4.000000
 1 144 51.666667 41.666667 0.000000 10.000000 0.000000 0.000000 0.000000 51.666667 4.000000
 1 145 51.666667 41.666667 0.000000 10.000000 0.000000 0.000000 0.000000 51.666667 4.000000
 1 146 51.666667 41.666667 0.000000 10.000000 0.000000 0.000000 0.000000 51.666667 4.000000
 1 147 51.666667 41.666667 0.000000 10.000000 0.000000 0.000000 0.000000 51.666667 4.000000
 1 148 51.666667 41.666667 0.000000 10.000000 0.000000 0.000000 0.000000 51.666667 4.000000
 1 149 51.666667 41.666667 0.000000 10.000000 0.000000 0.000000 0.000000 51.666667 4.000000
 1 150 51.666667 41.666667 0.000000 10.000000 0.000000 0.000000 0.000000 51.666667 4.000000
 1 151 51.666667 41.666667 0.000000 10.000000 0.000000 0.000000 0.000000 51.666667 4.000000
 1 152 51.666667 41.666667 0.000000 10.000000 0.000000 0.000000 0.000000 51.666667 4.000000
 1 153 51.666667 41.666667 0.000000 10.000000 0.000000 0.000000 0.000000 51.666667 4.000000
 1 154 51.666667 41.666667 0.000000 10.000000 0.000000 0.000000 0.000000 51.666667 4.000000
 1 155 51.666667 41.666667 0.000000 10.000000 0.000000 0.000000 0.000000 51.666667 4.000000
 1 156 51.666667 41.666667 0.000000 10.000000 0.000000 0.000000 0.000000 51.666667 4.000000
 1 157 51.666667 41.666667 0.000000 10.000000 0.000000 0.000000 0.000000 51.666667 4.000000
 1 158 51.666667 41.666667 0.000000 10.000000 0.000000 0.000000 0.000000 51.666667 4.000000
 1 159 51.666667 41.666667 0.000000 10.000000 0.000000 0.000000 0.000000 51.666667 4.000000
 1 160 51.666667 41.666667 0.000000 10.000000 0.000000 0.000000 0.000000 51.666667 4.000000
 1 161 51.666667 41.666667 0.000000 10.000000 0.000000 0.000000 0.000000 51.666667 4.000000
 1 162 51.666667 41.666667 0.000000 10.000000 0.000000 0.000000 0.000000 51.666667 4.000000
 1 163 51.666667 41.666667 0.000000 10.000000 0.000000 0.000000 0.000000 51.666667 4.000000
 1 164 51.666667 41.666667 0.000000 10.000000 0.000000 0.000000 0.000000 51.666667 4.000000
 1 165 51.666667 41.666667 0.000000 10.000000 0.000000 0.000000 0.000000 51.666667 4.000000
 1 166 51.666667 41.666667 0.000000 10.000000 0.000000 0.000000 0.000000 51.666667 4.000000
 1 167 51.666667 41.666667 0.000000 10.000000 0.000000 0.000000 0.000000 51.666667 4.000000
 1 168 51.666667 41.666667 0.000000 10.000000 0.000000 0.000000 0.000000 51.666667 4.000000
 1 169 51.666667 41.666667 0.000000 10.000000 0.000000 0.000000 0.000000 51.666667 4.000000
 1 170 51.666667 41.666667 0.000000 10.000000 0.000000 0.000000 0.000000 51.666667 4.000000
 1 171 51.666667 41.666667 0.000000 10.000000 0.000000 0.000000 0.000000 51.666667 4.000000
 1 172 51.666667 41.666667 0.000000 10.000000 0.000000 0.000000 0.000000 51.666667 4.000000
 1 173 51.666667 41.666667 0.000000 10.000000 0.000000 0.000000 0.000000 51.666667 4.000000
 1 174 51.666667 41.666667 0.000000 10.000000 0.000000 0.000000 0.000000 51.666667 4.000000
 1 175 51.666667 41.666667 0.000000 10.000000 0.000000 0.000000 0.000000 51.666667 4.000000
 1 176 51.666667 41.666667 0.000000 10.000000 0.000000 0.000000 0.000000 51.666667 4.000000
 1 177 51.666667 41.666667 0.000000 10.000000 0.000000 0.000000 0.000000 51.666667 4.000000
 1 178 51.666667 41.666667 0.000000 10.000000 0.000000 0.000000 0.000000 51.666667 4.000000
 1 179 51.666667 41.666667 0.000000 10.000000 0.000000 0.000000 0.000000 51.666667 4.000000
 1 180 51.666667 41.666667 0.000000 10.000000 0.000000 0.000000 0.000000 51.666667 4.000000
 1 181 51.666667 41.666667 0.000000 10.000000 0.000000 0.000000 0.000000 51.666667 4.000000
 1 182 51.666667 41.666667 0.000000 10.000000 0.000000 0.000000 0.000000 51.666667 4.000000
 1 183 51.666667 41.666667 0.000000 10.000000 0.000000 0.000000 0.000000 51.666667 4.000000
 1 184 51.666667 41.666667 0.000000 10.000000 0.000000 0.000000 0.000000 51.666667 4.000000
 1 185 51.666667 41.666667 0.000000 10.000000 0.000000 0.000000 0.000000 51.666667 4.000000
 1 186 51.666667 41.666667 0.000000 10.000000 0.000000 0.000000 0.000000 51.666667 4.000000
 1 187 51.666667 41.666667 0.000000 10.000000 0.000000 0.000000 0.000000 51.666667 4.000000
 1 188 51.666667 41.666667 0.000000 10.000000 0.000000 0.000000 0.000000 51.666667 4.000000
 1 189 51.666667 41.666667 0.000000 10.000000 0.000000 0.000000 0.000000 51.666667 4.000000
 1 190 51.666667 41.666667 0.000000 10.000000 0.000000 0.000000 0.000000 51.666667 4.000000
 1 191 51.666667 41.666667 0.000000 10.000000 0.000000 0.000000 0.000000 51.666667 4.000000
 1 192 51.666667 41.666667 0.000000 10.000000 0.000000 0.000000 0.000000 51.666667 4.000000
 1 193 51.666667 41.666667 0.000000 10.000000 0.000000 0.000000 0.000000 51.666667 4.000000
 1 194 51.666667 41.666667 0.000000 10.000000 0.000000 0.000000 0.000000 51.666667 4.000000
 1 195 51.666667 41.666667 0.000000 10.000000 0.000000 0.000000 0.000000 51.666667 4.000000
 1 196 51.666667 41.666667 0.000000 10.000000 0.000000 0.000000 0.000000 51.666667 4.000000
 1 197 51.666667 41.666667 0.000000 10.000000 0.000000 0.000000 0.000000 51.666667 4.000000
 1 198 51.666667 41.666667 0.000000 10.000000 0.000000 0.000000 0.000000 51.666667 4.000000
 1 199 51.666667 41.666667 0.000000 10.000000 0.000000 0.000000 0.000000 51.666667 4.000000
 1 200 51.666667 41.666667 0.000000 10.000000 0.000000 0.000000 0.000000 51.666667 4.000000
 1 201 51.666667 41.666667 0.000000 10.000000 0.000000 0.000000 0.000000 51.666667 4.000000
 1 202 51.666667 41.666667 0.000000 10.000000 0.000000 0.000000 0.000000 51.666667 4.000000
 1 203 51.666667 41.666667 0.000000 10.000000 0.000000 0.000000 0.000000 51.666667 4.000000
 1 204 51.666667 41.666667 0.000000 10.000000 0.000000 0.000000 0.000000 51.666667 4.000000
 1 205 51.666667 41.666667 0.000000 10.000000 0.000000 0.000000 0.000000 51.666667 4.000000
 1 206 51.666667 41.666667 0.000000 10.000000 0.000000 0.000000 0.000000 51.666667 4.000000
 1 207 51.666667 41.666667 0.000000 10.000000 0.000000 0.000000 0.000000 51.666667 4.000000
 1 208 51.666667 41.666667 0.000000 10.000000 0.000000 0.000000 0.000000 51.666667 4.000000
 1 209 51.666667 41.666667 0.000000 10.000000 0.000000 0.000000 0.000000 51.666667 4.000000
 1 210 51.666667 41.666667 0.000000 10.000000 0.000000 0.000000 0.000000 51.666667 4.000000
 1 211 51.666667 41.666667 0.000000 10.000000 0.000000 0.000000 0.000000 51.666667 4.000000
 1 212 51.666667 41.666667 0.000000 10.000000 0.000000 0.000000 0.000000 51.666667 4.000000
 1 213 51.666667 41.666667 0.000000 10.000000 0.000000 0.000000 0.000000 51.666667 4.000000
 1 214 51.666667 41.666667 0.000000 10.000000 0.000000 0.000000 0.000000 51.666667 4.000000
 1 215 51.666667 41.666667 0.000000 10.000000 0.000000 0.000000 0.000000 51.666667 4.000000
 1 216 51.666667 41.666667 0.000000 10.000000 0.000000 0.000000 0.000000 51.666667 4.000000
 1 217 51.666667 41.666667 0.000000 10.000000 0.000000 0.000000 0.000000 51.666667 4.000000
 1 218 51.666667 41.666667 0.000000 10.000000 0.000000 0.000000 0.000000 51.666667 4.000000
 1 219 51.666667 41.666667 0.000000 10.000000 0.000000 0.000000 0.000000 51.666667 4.000000
 1 220 51.666667 41.666667 0.000000 10.000000 0.000000 0.000000 0.000000 51.666667 4.000000
 1 221 65.555556 55.555556 0.000000 10.000000 0.000000 0.000000 0.000000 65.555556 4.000000
 1 222 65.555556 55.555556 0.000000 10.000000 0.000000 0.000000 0.000000 65.555556 4.000000
 1 223 65.555556 55.555556 0.000000 10.000000 0.000000 0.000000 0.000000 65.555556 4.000000
 1 224 65.555556 55.555556 0.000000 10.000000 0.000000 0.000000 0.000000 65.555556 4.000000
 1 225 65.555556 55.555556 0.000000 10.000000 0.000000 0.000000 0.000000 65.555556 4.000000
 1 226 65.555556 55.555556 0.000000 10.000000 0.000000 0.000000 0.000000 65.555556 4.000000
 1 227 65.555556 55.555556 0.000000 10.000000 0.000000 0.000000 0.000000 65.555556 4.000000
 1 228 65.555556 55.555556 0.000000 10.000000 0.000000 0.000000 0.000000 65.555556 4.000000
 1 229 65.555556 55.555556 0.000000 10.000000 0.000000 0.000000 0.000000 65.555556 4.000000
 1 230 65.555556 55.555556 0.000000 10.000000 0.000000 0.000000 0.000000 65.555556 4.000000
 1 231 65.555556 55.555556 0.000000 10.000000 0.000000 0.000000 0.000000 65.555556 4.000000
 1 232 65.555556 55.555556 0.000000 10.000000 0.000000 0.000000 0.000000 65.555556 4.000000
 1 233 65.555556 55.555556 0.000000 10.000000 0.000000 0.000000 0.000000 65.555556 4.000000
 1 234 65.555556 55.555556 0.000000 10.000000 0.000000 0.000000 0.000000 65.555556 4.000000
 1 235 65.555556 55.555556 0.000000 10.000000 0.000000 0.000000 0.000000 65.555556 4.000000
 1 236 65.555556 55.555556 0.000000 10.000000 0.000000 0.000000 0.000000 65.555556 4.000000
 1 237 65.555556 55.555556 0.000000 10.000000 0.000000 0.000000 0.000000 65.555556 4.000000
 1 238 65.555556 55.555556 0.000000 10.000000 0.000000 0.000000 0.000000 65.555556 4.000000
 1 239 65.555556 55.555556 0.000000 10.000000 0.000000 0.000000 0.000000 65.555556 4.000000
 1 240 65.555556 55.555556 0.000000 10.000000 0.000000 0.000000 0.000000 65.555556 4.000000
 1 241 65.555556 55.555556 0.000000 10.000000 0.000000 0.000000 0.000000 65.555556 4.000000
 1 242 65.555556 55.555556 0.000000 10.000000 0.000000 0.000000 0.000000 65.555556 4.000000
 1 243 65.555556 55.555556 0.000000 10.000000 0.000000 0.000000 0.000000 65.555556 4.000000
 1 244 65.555556 55.555556 0.000000 10.000000 0.000000 0.000000 0.000000 65.555556 4.000000
 1 245 65.555556 55.555556 0.000000 10.000000 0.000000 0.000000 0.000000 65.555556 4.000000
 1 246 65.555556 55.555556 0.000000 10.000000 0.000000 0.000000 0.000000 65.555556 4.000000
 1 247 65.555556 55.555556 0.000000 10.000000 0.000000 0.000000 0.000000 65.555556 4.000000
 1 248 65.555556 55.555556 0.000000 10.000000 0.000000 0.000000 0.000000 65.555556 4.000000
 1 249 65.555556 55.555556 0.000000 10.000000 0.000000 0.000000 0.000000 65.555556 4.000000
 1 250 65.555556 55.555556 0.000000 10.000000 0.000000 0.000000 0.000000 65.555556 4.000000
 1 251 65.555556 55.555556 0.000000 10.000000 0.000000 0.000000 0.000000 65.555556 4.000000
 1 252 65.555556 55.555556 0.000000 10.000000 0.000000 0.000000 0.000000 65.555556 4.000000
 1 253 65.555556 55.555556 0.000000 10.000000 0.000000 0.000000 0.000000 65.555556 4.000000
 1 254 65.555556 55.555556 0.000000 10.000000 0.000000 0.000000 0.000000 65.555556 4.000000
 1 255 65.555556 55.555556 0.000000 10.000000 0.000000 0.000000 0.000000 65.555556 4.000000
 1 256 65.555556 55.555556 0.000000 10.000000 0.000000 0.000000 0.000000 65.555556 4.000000
 1 257 65.555556 55.555556 0.000000 10.000000 0.000000 0.000000 0.000000 65.555556 4.000000
 1 258 65.555556 55.555556 0.000000 10.000000 0.000000 0.000000 0.000000 65.555556 4.000000
 1 259 65.555556 55.555556 0.000000 10.000000 0.000000 0.000000 0.000000 65.555556 4.000000
 1 260 65.555556 55.555556 0.000000 10.000000 0.000000 0.000000 0.000000 65.555556 4.000000
 1 261 65.555556 55.555556 0.000000 10.000000 0.000000 0.000000 0.000000 65.555556 4.000000
 1 262 65.555556 55.555556 0.000000 10.000000 0.000000 0.000000 0.000000 65.555556 4.000000
 1 263 65.555556 55.555556 0.000000 10.000000 0.000000 0.000000 0.000000 65.555556 4.000000
 1 264 65.555556 55.555556 0.000000 10.000000 0.000000 0.000000 0.000000 65.555556 4.000000
 1 265 65.555556 55.555556 0.000000 10.000000 0.000000 0.000000 0.000000 65.555556 4.000000
 1 266 65.555556 55.555556 0.000000 10.000000 0.000000 0.000000 0.000000 65.555556 4.000000
 1 267 65.555556 55.555556 0.000000 10.000000 0.000000 0.000000 0.000000 65.555556 4.000000
 1 268 65.555556 55.555556 0.000000 10.000000 0.000000 0.000000 0.000000 65.555556 4.000000
 1 269 65.555556 55.555556 0.000000 10.000000 0.000000 0.000000 0.000000 65.555556 4.000000
 1 270 65.555556 55.555556 0.000000 10.000000 0.000000 0.000000 0.000000 65.555556 4.000000
 1 271 65.555556 55.555556 0.000000 10.000000 0.000000 0.000000 0.000000 65.555556 4.000000
 1 272 65.555556 55.555556 0.000000 10.000000 0.000000 0.000000 0.000000 65.555556 4.000000
 1 273 65.555556 55.555556 0.000000 10.000000 0.000000 0.000000 0.000000 65.555556 4.000000
 1 274 65.555556 55.555556 0.000000 10.000000 0.000000 0.000000 0.000000 65.555556 4.000000
 1 275 65.555556 55.555556 0.000000 10.000000 0.000000 0.000000 0.000000 65.555556 4.000000
 1 276 65.555556 55.555556 0.000000 10.000000 0.000000 0.000000 0.000000 65.555556 4.000000
 1 277 65.555556 55.555556 0.000000 10.000000 0.000000 0.000000 0.000000 65.555556 4.000000
 1 278 65.555556 55.555556 0.000000 10.000000 0.000000 0.000000 0.000000 65.555556 4.000000
 1 279 65.555556 55.555556 0.000000 10.000000 0.000000 0.000000 0.000000 65.555556 4.000000
 1 280 65.555556 55.555556 0.000000 10.000000 0.000000 0.000000 0.000000 65.555556 4.000000
 1 281 65.555556 55.555556 0.000000 10.000000 0.000000 0.000000 0.000000 65.555556 4.000000
 1 282 65.555556 55.555556 0.000000 10.000000 0.000000 0.000000 0.000000 65.555556 4.000000
 1 283 65.555556 55.555556 0.000000 10.000000 0.000000 0.000000 0.000000 65.555556 4.000000
 1 284 65.555556 55.555556 0.000000 10.000000 0.000000 0.000000 0.000000 65.555556 4.000000
 1 285 65.555556 55.555556 0.000000 10.000000 0.000000 0.000000 0.000000 65.555556 4.000000
 1 286 65.555556 55.555556 0.000000 10.000000 0.000000 0.000000 0.000000 65.555556 4.000000
 1 287 65.555556 55.555556 0.000000 10.000000 0.000000 0.000000 0.000000 65.555556 4.000000
 1 288 65.555556 55.555556 0.000000 10.000000 0.000000 0.000000 0.000000 65.555556 4.000000
 1 289 65.555556 55.555556 0.000000 10.000000 0.000000 0.000000 0.000000 65.555556 4.000000
 1 290 65.555556 55.555556 0.000000 10.000000 0.000000 0.000000 0.000000 65.555556 4.000000
 1 291 65.555556 55.555556 0.000000 10.000000 0.000000 0.000000 0.000000 65.555556 4.000000
 1 292 65.555556 55.555556 0.000000 10.000000 0.000000 0.000000 0.000000 65.555556 4.000000
 1 293 65.555556 55.555556 0.000000 10.000000 0.000000 0.000000 0.000000 65.555556 4.000000
 1 294 65.555556 55.555556 0.000000 10.000000 0.000000 0.000000 0.000000 65.555556 4.000000
 1 295 65.555556 55.555556 0.000000 10.000000 0.000000 0.000000 0.000000 65.555556 4.000000
 1 296 65.555556 55.555556 0.000000 10.000000 0.000000 0.000000 0.000000 65.555556 4.000000
 1 297 65.555556 55.555556 0.000000 10.000000 0.000000 0.000000 0.000000 65.555556 4.000000
 1 298 65.555556 55.555556 0.000000 10.000000 0.000000 0.000000 0.000000 65.555556 4.000000
 1 299 65.555556 55.555556 0.000000 10.000000 0.000000 0.000000 0.000000 65.555556 4.000000
 1 300 65.555556 55.555556 0.000000 10.000000 0.000000 0.000000 0.000000 65.555556 4.000000
 1 301 65.555556 55.555556 0.000000 10.000000 0.000000 0.000000 0.000000 65.555556 4.000000
 1 302 65.555556 55.555556 0.000000 10.000000 0.000000 0.000000 0.000000 65.555556 4.000000
 1 303 65.555556 55.555556 0.000000 10.000000 0.000000 0.000000 0.000000 65.555556 4.000000
 1 304 65.555556 55.555556 0.000000 10.000000 0.000000 0.000000 0.000000 65.555556 4.000000
 1 305 65.555556 55.555556 0.000000 10.000000 0.000000 0.000000 0.000000 65.555556 4.000000
 1 306 65.555556 55.555556 0.000000 10.000000 0.000000 0.000000 0.000000 65.555556 4.000000
 1 307 65.555556 55.555556 0.000000 10.000000 0.000000 0.000000 0.000000 65.555556 4.000000
 1 308 65.555556 55.555556 0.000000 10.000000 0.000000 0.000000 0.000000 65.555556 4.000000
 1 309 65.555556 55.555556 0.000000 10.000000 0.000000 0.000000 0.000000 65.555556 4.000000
 1 310 65.555556 55.555556 0.000000 10.000000 0.000000 0.000000 0.000000 65.555556 4.000000
 1 311 65.555556 55.555556 0.000000 10.000000 0.000000 0.000000 0.000000 65.555556 4.000000
 1 312 65.555556 55.555556 0.000000 10.000000 0.000000 0.000000 0.000000 65.555556 4.000000
 1 313 65.555556 55.555556 0.000000 10.000000 0.000000 0.000000 0.000000 65.555556 4.000000
 1 314 65.555556 55.555556 0.000000 10.000000 0.000000 0.000000 0.000000 65.555556 4.000000
 1 315 65.555556 55.555556 0.000000 10.000000 0.000000 0.000000 0.000000 65.555556 4.000000
 1 316 65.555556 55.555556 0.000000 10.000000 0.000000 0.000000 0.000000 65.555556 4.000000
 1 317 65.555556 55.555556 0.000000 10.000000 0.000000 0.000000 0.000000 65.555556 4.000000
 1 318 65.555556 55.555556 0.000000 10.000000 0.000000 0.000000 0.000000 65.555556 4.000000
 1 319 65.555556 55.555556 0.000000 10.000000 0.000000 0.000000 0.000000 65.555556 4.000000
 1 320 65.555556 55.555556 0.000000 10.000000 0.000000 0.000000 0.000000 65.555556 4.000000
 1 321 65.555556 55.555556 0.000000 10.000000 0.000000 0.000000 0.000000 65.555556 4.000000
 1 322 65.555556 55.555556 0.000000 10.000000 0.000000 0.000000 0.000000 65.555556 4.000000
 1 323 65.555556 55.555556 0.000000 10.000000 0.000000 0.000000 0.000000 65.555556 4.000000
 1 324 65.555556 55.555556 0.000000 10.000000 0.000000 0.000000 0.000000 65.555556 4.000000
 1 325 65.555556 55.555556 0.000000 10.000000 0.000000 0.000000 0.000000 65.555556 4.000000
 1 326 65.555556 55.555556 0.000000 10.000000 0.000000 0.000000 0.000000 65.555556 4.000000
 1 327 65.555556 55.555556 0.000000 10.000000 0.000000 0.000000 0.000000 65.555556 4.000000
 1 328 65.555556 55.555556 0.000000 10.000000 0.000000 0.000000 0.000000 65.555556 4.000000
 1 329 65.555556 55.555556 0.000000 10.000000 0.000000 0.000000 0.000000 65.555556 4.000000
 1 330 65.555556 55.555556 0.000000 10.000000 0.000000 0.000000 0.000000 65.555556 4.000000
 1 331 65.555556 55.555556 0.000000 10.000000 0.000000 0.000000 0.000000 65.555556 4.000000
 1 332 65.555556 55.555556 0.000000 10.000000 0.000000 0.000000 0.000000 65.555556 4.000000
 1 333 65.555556 55.555556 0.000000 10.000000 0.000000 0.000000 0.000000 65.555556 4.000000
 1 334 65.555556 55.555556 0.000000 10.000000 0.000000 0.000000 0.000000 65.555556 4.000000
 1 335 65.555556 55.555556 0.000000 10.000000 0.000000 0.000000 0.000000 65.555556 4.000000
 1 336 65.555556 55.555556 0.000000 10.000000 0.000000 0.000000 0.000000 65.555556 4.000000
 1 337 65.555556 55.555556 0.000000 10.000000 0.000000 0.000000 0.000000 65.555556 4.000000
 1 338 65.555556 55.555556 0.000000 10.000000 0.000000 0.000000 0.000000 65.555556 4.000000
 1 339 65.555556 55.555556 0.000000 10.000000 0.000000 0.000000 0.000000 65.555556 4.000000
 1 340 65.555556 55.555556 0.000000 10.000000 0.000000 0.000000 0.000000 65.555556 4.000000
 1 341 65.555556 55.555556 0.000000 10.000000 0.000000 0.000000 0.000000 65.555556 4.000000
 1 342 65.555556 55.555556 0.000000 10.000000 0.000000 0.000000 0.000000 65.555556 4.000000
 1 343 65.555556 55.555556 0.000000 10.000000 0.000000 0.000000 0.000000 65.555556 4.000000
 1 344 65.555556 55.555556 0.000000 10.000000 0.000000 0.000000 0.000000 65.555556 4.000000
 1 345 65.555556 55.555556 0.000000 10.000000 0.000000 0.000000 0.000000 65.555556 4.000000
 1 346 65.555556 55.555556 0.000000 10.000000 0.000000 0.000000 0.000000 65.555556 4.000000
 1 347 65.555556 55.555556 0.000000 10.000000 0.000000 0.000000 0.000000 65.555556 4.000000
 1 348 65.555556 55.555556 0.000000 10.000000 0.000000 0.000000 0.000000 65.555556 4.000000
 1 349 65.555556 55.555556 0.000000 10.000000 0.000000 0.000000 0.000000 65.555556 4.000000
 1 350 65.555556 55.555556 0.000000 10.000000 0.000000 0.000000 0.000000 65.555556 4.000000
 1 351 65.555556 55.555556 0.000000 10.000000 0.000000 0.000000 0.000000 65.555556 4.000000
 1 352 65.555556 55.555556 0.000000 10.000000 0.000000 0.000000 0.000000 65.555556 4.000000
 1 353 65.555556 55.555556 0.000000 10.000000 0.000000 0.000000 0.000000 65.555556 4.000000
 1 354 65.555556 55.555556 0.000000 10.000000 0.000000 0.000000 0.000000 65.555556 4.000000
 1 355 65.555556 55.555556 0.000000 10.000000 0.000000 0.000000 0.000000 65.555556 4.000000
 1 356 65.555556 55.555556 0.000000 10.000000 0.000000 0.000000 0.000000 65.555556 4.000000
 1 357 65.555556 55.555556 0.000000 10.000000 0.000000 0.000000 0.000000 65.555556 4.000000
 1 358 65.555556 55.555556 0.000000 10.000000 0.000000 0.000000 0.000000 65.555556 4.000000
 1 359 65.555556 55.555556 0.000000 10.000000 0.000000 0.000000 0.000000 65.555556 4.000000
 1 360 65.555556 55.555556 0.000000 10.000000 0.000000 0.000000 0.000000 65.555556 4.000000
 1 361 65.555556 55.555556 0.000000 10.000000 0.000000 0.000000 0.000000 65.555556 4.000000
 1 362 65.555556 55.555556 0.000000 10.000000 0.000000 0.000000 0.000000 65.555556 4.000000
 1 363 65.555556 55.555556 0.000000 10.000000 0.000000 0.000000 0.000000 65.555556 4.000000
 1 364 65.555556 55.555556 0.000000 10.000000 0.000000 0.000000 0.000000 65.555556 4.000000
 1 365 65.555556 55.555556 0.000000 10.000000 0.000000 0.000000 0.000000 65.555556 4.000000
 1 366 65.555556 55.555556 0.000000 10.000000 0.000000 0.000000 0.000000 65.555556 4.000000
 1 367 65.555556 55.555556 0.000000 10.000000 0.000000 0.000000 0.000000 65.555556 4.000000
 1 368 65.555556 55.555556 0.000000 10.000000 0.000000 0.000000 0.000000 65.555556 4.000000
 1 369 65.555556 55.555556 0.000000 10.000000 0.000000 0.000000 0.000000 65.555556 4.000000
 1 370 65.555556 55.555556 0.000000 10.000000 0.000000 0.000000 0.000000 65.555556 4.000000
 1 371 65.555556 55.555556 0.000000 10.000000 0.000000 0.000000 0.000000 65.555556 4.000000
 1 372 65.555556 55.555556 0.000000 10.000000 0.000000 0.000000 0.000000 65.555556 4.000000
 1 373 65.555556 55.555556 0.000000 10.000000 0.000000 0.000000 0.000000 65.555556 4.000000
 1 374 65.555556 55.555556 0.000000 10.000000 0.000000 0.000000 0.000000 65.555556 4.000000
 1 375 65.555556 55.555556 0.000000 10.000000 0.000000 0.000000 0.000000 65.555556 4.000000
 1 376 65.555556 55.555556 0.000000 10.000000 0.000000 0.000000 0.000000 65.555556 4.000000
 1 377 65.555556 55.555556 0.000000 10.000000 0.000000 0.000000 0.000000 65.555556 4.000000
 1 378 65.555556 55.555556 0.000000 10.000000 0.000000 0.000000 0.000000 65.555556 4.000000
 1 379 65.555556 55.555556 0.000000 10.000000 0.000000 0.000000 0.000000 65.555556 4.000000
 1 380 65.555556 55.555556 0.000000 10.000000 0.000000 0.000000 0.000000 65.555556 4.000000
 1 381 65.555556 55.555556 0.000000 10.000000 0.000000 0.000000 0.000000 65.555556 4.000000
 1 382 65.555556 55.555556 0.000000 10.000000 0.000000 0.000000 0.000000 65.555556 4.000000
 1 383 65.555556 55.555556 0.000000 10.000000 0.000000 0.000000 0.000000 65.555556 4.000000
 1 384 65.555556 55.555556 0.000000 10.000000 0.000000 0.000000 0.000000 65.555556 4.000000
 1 385 65.555556 55.555556 0.000000 10.000000 0.000000 0.000000 0.000000 65.555556 4.000000
 1 386 65.555556 55.555556 0.000000 10.000000 0.000000 0.000000 0.000000 65.555556 4.000000
 1 387 65.555556 55.555556 0.000000 10.000000 0.000000 0.000000 0.000000 65.555556 4.000000
 1 388 65.555556 55.555556 0.000000 10.000000 0.000000 0.000000 0.000000 65.555556 4.000000
 1 389 65.555556 55.555556 0.000000 10.000000 0.000000 0.000000 0.000000 65.555556 4.000000
 1 390 65.555556 55.555556 0.000000 10.000000 0.000000 0.000000 0.000000 65.555556 4.000000
 1 391 65.555556 55.555556 0.000000 10.000000 0.000000 0.000000 0.000000 65.555556 4.000000
 1 392 65.555556 55.555556 0.000000 10.000000 0.000000 0.000000 0.000000 65.555556 4.000000
 1 393 65.555556 55.555556 0.000000 10.000000 0.000000 0.000000 0.000000 65.555556 4.000000
 1 394 65.555556 55.555556 0.000000 10.000000 0.000000 0.000000 0.000000 65.555556 4.000000
 1 395 65.555556 55.555556 0.000000 10.000000 0.000000 0.000000 0.000000 65.555556 4.000000
 1 396 65.555556 55.555556 0.000000 10.000000 0.000000 0.000000 0.000000 65.555556 4.000000
 1 397 65.555556 55.555556 0.000000 10.000000 0.000000 0.000000 0.000000 65.555556 4.000000
 1 398 65.555556 55.555556 0.000000 10.000000 0.000000 0.000000 0.000000 65.555556 4.000000
 1 399 65.555556 55.555556 0.000000 10.000000 0.000000 0.000000 0.000000 65.555556 4.000000
 1 400 65.555556 55.555556 0.000000 10.000000 0.000000 0.000000 0.000000 65.555556 4.000000
 1 401 65.555556 55.555556 0.000000 10.000000 0.000000 0.000000 0.000000 65.555556 4.000000
 1 402 65.555556 55.555556 0.000000 10.000000 0.000000 0.000000 0.000000 65.555556 4.000000
 1 403 65.555556 55.555556 0.000000 10.000000 0.000000 0.000000 0.000000 65.555556 4.000000
 1 404 65.555556 55.555556 0.000000 10.000000 0.000000 0.000000 0.000000 65.555556 4.000000
 1 405 65.555556 55.555556 0.000000 10.000000 0.000000 0.000000 0.000000 65.555556 4.000000
 1 406 65.555556 55.555556 0.000000 10.000000 0.000000 0.000000 0.000000 65.555556 4.000000
 1 407 65.555556 55.555556 0.000000 10.000000 0.000000 0.000000 0.000000 65.555556 4.000000
 1 408 65.555556 55.555556 0.000000 10.000000 0.000000 0.000000 0.000000 65.555556 4.000000
 1 409 65.555556 55.555556 0.000000 10.000000 0.000000 0.000000 0.000000 65.555556 4.000000
 1 410 65.555556 55.555556 0.000000 10.000000 0.000000 0.000000 0.000000 65.555556 4.000000
 1 411 65.555556 55.555556 0.000000 10.000000 0.000000 0.000000 0.000000 65.555556 4.000000
 1 412 65.555556 55.555556 0.000000 10.000000 0.000000 0.000000 0.000000 65.555556 4.000000
 1 413 65.555556 55.555556 0.000000 10.000000 0.000000 0.000000 0.000000 65.555556 4.000000
 1 414 65.555556 55.555556 0.000000 10.000000 0.000000 0.000000 0.000000 65.555556 4.000000
 1 415 65.555556 55.555556 0.000000 10.000000 0.000000 0.000000 0.000000 65.555556 4.000000
 1 416 65.555556 55.555556 0.000000 10.000000 0.000000 0.000000 0.000000 65.555556 4.000000
 1 417 65.555556 55.555556 0.000000 10.000000 0.000000 0.000000 0.000000 65.555556 4.000000
 1 418 65.555556 55.555556 0.000000 10.000000 0.000000 0.000000 0.000000 65.555556 4.000000
 1 419 65.555556 55.555556 0.000000 10.000000 0.000000 0.000000 0.000000 65.555556 4.000000
 1 420 65.555556 55.555556 0.000000 10.000000 0.000000 0.000000 0.000000 65.555556 4.000000
 1 421 65.555556 55.555556 0.000000 10.000000 0.000000 0.000000 0.000000 65.555556 4.000000
 1 422 65.555556 55.555556 0.000000 10.000000 0.000000 0.000000 0.000000 65.555556 4.000000
 1 423 65.555556 55.555556 0.000000 10.000000 0.000000 0.000000 0.000000 65.555556 4.000000
 1 424 65.555556 55.555556 0.000000 10.000000 0.000000 0.000000 0.000000 65.555556 4.000000
 1 425 65.555556 55.555556 0.000000 10.000000 0.000000 0.000000 0.000000 65.555556 4.000000
 1 426 65.555556 55.555556 0.000000 10.000000 0.000000 0.000000 0.000000 65.555556 4.000000
 1 427 65.555556 55.555556 0.000000 10.000000 0.000000 0.000000 0.000000 65.555556 4.000000
 1 428 65.555556 55.555556 0.000000 10.000000 0.000000 0.000000 0.000000 65.555556 4.000000
 1 429 65.555556 55.555556 0.000000 10.000000 0.000000 0.000000 0.000000 65.555556 4.000000
 1 430 65.555556 55.555556 0.000000 10.000000 0.000000 0.000000 0.000000 65.555556 4.000000
 1 431 65.555556 55.555556 0.000000 10.000000 0.000000 0.000000 0.000000 65.555556 4.000000
 1 432 65.555556 55.555556 0.000000 10.000000 0.000000 0.000000 0.000000 65.555556 4.000000
 1 433 65.555556 55.555556 0.000000 10.000000 0.000000 0.000000 0.000000 65.555556 4.000000
 1 434 65.555556 55.555556 0.000000 10.000000 0.000000 0.000000 0.000000 65.555556 4.000000
 1 435 65.555556 55.555556 0.000000 10.000000 0.000000 0.000000 0.000000 65.555556 4.000000
 1 436 65.555556 55.555556 0.000000 10.000000 0.000000 0.000000 0.000000 65.555556 4.000000
 1 437 65.555556 55.555556 0.000000 10.000000 0.000000 0.000000 0.000000 65.555556 4.000000
 1 438 65.555556 55.555556 0.000000 10.000000 0.000000 0.000000 0.000000 65.555556 4.000000
 1 439 65.555556 55.555556 0.000000 10.000000 0.000000 0.000000 0.000000 65.555556 4.000000
 1 440 65.555556 55.555556 0.000000 10.000000 0.000000 0.000000 0.000000 65.555556 4.000000
 1 441 65.555556 55.555556 0.000000 10.000000 0.000000 0.000000 0.000000 65.555556 4.000000
 1 442 65.555556 55.555556 0.000000 10.000000 0.000000 0.000000 0.000000 65.555556 4.000000
 1 443 65.555556 55.555556 0.000000 10.000000 0.000000 0.000000 0.000000 65.555556 4.000000
 1 444 65.555556 55.555556 0.000000 10.000000 0.000000 0.000000 0.000000 65.555556 4.000000
 1 445 65.555556 55.555556 0.000000 10.000000 0.000000 0.000000 0.000000 65.555556 4.000000
 1 446 65.555556 55.555556 0.000000 10.000000 0.000000 0.000000 0.000000 65.555556 4.000000
 1 447 65.555556 55.555556 0.000000 10.000000 0.000000 0.000000 0.000000 65.555556 4.000000
 1 448 65.555556 55.555556 0.000000 10.000000 0.000000 0.000000 0.000000 65.555556 4.000000
 1 449 65.555556 55.555556 0.000000 10.000000 0.000000 0.000000 0.000000 65.555556 4.000000
 1 450 65.555556 55.555556 0.000000 10.000000 0.000000 0.000000 0.000000 65.555556 4.000000
 1 451 65.555556 55.555556 0.000000 10.000000 0.000000 0.000000 0.000000 65.555556 4.000000
 1 452 65.555556 55.555556 0.000000 10.000000 0.000000 0.000000 0.000000 65.555556 4.000000
 1 453 65.555556 55.555556 0.000000 10.000000 0.000000 0.000000 0.000000 65.555556 4.000000
 1 454 65.555556 55.555556 0.000000 10.000000 0.000000 0.000000 0.000000 65.555556 4.000000
 1 455 65.555556 55.555556 0.000000 10.000000 0.000000 0.000000 0.000000 65.555556 4.000000
 1 456 65.555556 55.555556 0.000000 10.000000 0.000000 0.000000 0.000000 65.555556 4.000000
 1 457 65.555556 55.555556 0.000000 10.000000 0.000000 0.000000 0.000000 65.555556 4.000000
 1 458 65.555556 55.555556 0.000000 10.000000 0.000000 0.000000 0.000000 65.555556 4.000000
 1 459 65.555556 55.555556 0.000000 10.000000 0.000000 0.000000 0.000000 65.555556 4.000000
 1 460 65.555556 55.555556 0.000000 10.000000 0.000000 0.000000 0.000000 65.555556 4.000000
 1 461 65.555556 55.555556 0.000000 10.000000 0.000000 0.000000 0.000000 65.555556 4.000000
 1 462 65.555556 55.555556 0.000000 10.000000 0.000000 0.000000 0.000000 65.555556 4.000000
 1 463 65.555556 55.555556 0.000000 10.000000 0.000000 0.000000 0.000000 65.555556 4.000000
 1 464 65.555556 55.555556 0.000000 10.000000 0.000000 0.000000 0.000000 65.555556 4.000000
 1 465 65.555556 55.555556 0.000000 10.000000 0.000000 0.000000 0.000000 65.555556 4.000000
 1 466 65.555556 55.555556 0.000000 10.000000 0.000000 0.000000 0.000000 65.555556 4.000000
 1 467 65.555556 55.555556 0.000000 10.000000 0.000000 0.000000 0.000000 65.555556 4.000000
 1 468 65.555556 55.555556 0.000000 10.000000 0.000000 0.000000 0.000000 65.555556 4.000000
 1 469 65.555556 55.555556 0.000000 10.000000 0.000000 0.000000 0.000000 65.555556 4.000000
 1 470 65.555556 55.555556 0.000000 10.000000 0.000000 0.000000 0.000000 65.555556 4.000000
 1 471 65.555556 55.555556 0.000000 10.000000 0.000000 0.000000 0.000000 65.555556 4.000000
 1 472 65.555556 55.555556 0.000000 10.000000 0.000000 0.000000 0.000000 65.555556 4.000000
 1 473 65.555556 55.555556 0.000000 10.000000 0.000000 0.000000 0.000000 65.555556 4.000000
 1 474 65.555556 55.555556 0.000000 10.000000 0.000000 0.000000 0.000000 65.555556 4.000000
 1 475 65.555556 55.555556 0.000000 10.000000 0.000000 0.000000 0.000000 65.555556 4.000000
 1 476 65.555556 55.555556 0.000000 10.000000 0.000000 0.000000 0.000000 65.555556 4.000000
 1 477 65.555556 55.555556 0.000000 10.000000 0.000000 0.000000 0.000000 65.555556 4.000000
 1 478 65.555556 55.555556 0.000000 10.000000 0.000000 0.000000 0.000000 65.555556 4.000000
 1 479 65.555556 55.555556 0.000000 10.000000 0.000000 0.000000 0.000000 65.555556 4.000000
 1 480 65.555556 55.555556 0.000000 10.000000 0.000000 0.000000 0.000000 65.555556 4.000000
 1 481 65.555556 55.555556 0.000000 10.000000 0.000000 0.000000 0.000000 65.555556 4.000000
 1 482 65.555556 55.555556 0.000000 10.000000 0.000000 0.000000 0.000000 65.555556 4.000000
 1 483 65.555556 55.555556 0.000000 10.000000 0.000000 0.000000 0.000000 65.555556 4.000000
 1 484 65.555556 55.555556 0.000000 10.000000 0.000000 0.000000 0.000000 65.555556 4.000000
 1 485 65.555556 55.555556 0.000000 10.000000 0.000000 0.000000 0.000000 65.555556 4.000000
 1 486 65.555556 55.555556 0.000000 10.000000 0.000000 0.000000 0.000000 65.555556 4.000000
 1 487 65.555556 55.555556 0.000000 10.000000 0.000000 0.000000 0.000000 65.555556 4.000000
 1 488 65.555556 55.555556 0.000000 10.000000 0.000000 0.000000 0.000000 65.555556 4.000000
 1 489 65.555556 55.555556 0.000000 10.000000 0.000000 0.000000 0.000000 65.555556 4.000000
 1 490 65.555556 55.555556 0.000000 10.000000 0.000000 0.000000 0.000000 65.555556 4.000000
 1 491 65.555556 55.555556 0.000000 10.000000 0.000000 0.000000 0.000000 65.555556 4.000000
 1 492 65.555556 55.555556 0.000000 10.000000 0.000000 0.000000 0.000000 65.555556 4.000000
 1 493 65.555556 55.555556 0.000000 10.000000 0.000000 0.000000 0.000000 65.555556 4.000000
 1 494 65.555556 55.555556 0.000000 10.000000 0.000000 0.000000 0.000000 65.555556 4.000000
 1 495 65.555556 55.555556 0.000000 10.000000 0.000000 0.000000 0.000000 65.555556 4.000000
 1 496 65.555556 55.555556 0.000000 10.000000 0.000000 0.000000 0.000000 65.555556 4.000000
 1 497 65.555556 55.555556 0.000000 10.000000 0.000000 0.000000 0.000000 65.555556 4.000000
 1 498 65.555556 55.555556 0.000000 10.000000 0.000000 0.000000 0.000000 65.555556 4.000000
 1 499 65.555556 55.555556 0.000000 10.000000 0.000000 0.000000 0.000000 65.555556 4.000000
 1 500 65.555556 55.555556 0.000000 10.000000 0.000000 0.000000 0.000000 65.555556 4.000000
 1 501 65.555556 55.555556 0.000000 10.000000 0.000000 0.000000 0.000000 65.555556 4.000000
 1 502 65.555556 55.555556 0.000000 10.000000 0.000000 0.000000 0.000000 65.555556 4.000000
 1 503 65.555556 55.555556 0.000000 10.000000 0.000000 0.000000 0.000000 65.555556 4.000000
 1 504 65.555556 55.555556 0.000000 10.000000 0.000000 0.000000 0.000000 65.555556 4.000000
 1 505 65.555556 55.555556 0.000000 10.000000 0.000000 0.000000 0.000000 65.555556 4.000000
 1 506 65.555556 55.555556 0.000000 10.000000 0.000000 0.000000 0.000000 65.555556 4.000000
 1 507 65.555556 55.555556 0.000000 10.000000 0.000000 0.000000 0.000000 65.555556 4.000000
 1 508 65.555556 55.555556 0.000000 10.000000 0.000000 0.000000 0.000000 65.555556 4.000000
 1 509 65.555556 55.555556 0.000000 10.000000 0.000000 0.000000 0.000000 65.555556 4.000000
 1 510 65.555556 55.555556 0.000000 10.000000 0.000000 0.000000 0.000000 65.555556 4.000000
 1 511 65.555556 55.555556 0.000000 10.000000 0.000000 0.000000 0.000000 65.555556 4.000000
 1 512 65.555556 55.555556 0.000000 10.000000 0.000000 0.000000 0.000000 65.555556 4.000000
 1 513 65.555556 55.555556 0.000000 10.000000 0.000000 0.000000 0.000000 65.555556 4.000000
 1 514 65.555556 55.555556 0.000000 10.000000 0.000000 0.000000 0.000000 65.555556 4.000000
 1 515 65.555556 55.555556 0.000000 10.000000 0.000000 0.000000 0.000000 65.555556 4.000000
 1 516 65.555556 55.555556 0.000000 10.000000 0.000000 0.000000 0.000000 65.555556 4.000000
 1 517 65.555556 55.555556 0.000000 10.000000 0.000000 0.000000 0.000000 65.555556 4.000000
 1 518 65.555556 55.555556 0.000000 10.000000 0.000000 0.000000 0.000000 65.555556 4.000000
 1 519 65.555556 55.555556 0.000000 10.000000 0.000000 0.000000 0.000000 65.555556 4.000000
 1 520 65.555556 55.555556 0.000000 10.000000 0.000000 0.000000 0.000000 65.555556 4.000000